Codigo;Local;HM;HM-15:19;HM-20:24;HM-25:29;HM-30:34;HM-35:39;HM-40:44;HM-45:49;HM-50:54;HM-55:59;HM-60:64;HM-65+;H;H-15:19;H-20:24;H-25:29;H-30:34;H-35:39;H-40:44;H-45:49;H-50:54;H-55:59;H-60:64;H-65+;M;M-15:19;M-20:24;M-25:29;M-30:34;M-35:39;M-40:44;M-45:49;M-50:54;M-55:59;M-60:64;M-65+
PT;Portugal;662180;33390;87186;80904;77933;78586;74253;74279;70290;57088;27988;283;327600;17831;43187;39070;35807;35968;35140;36548;35838;31752;16352;107;334580;15559;43999;41834;42126;42618;39113;37731;34452;25336;11636;176
1;Continente;630711;31130;81467;75850;73779;74836;70978;71209;67998;55729;27459;276;309345;16588;40210;36297;33407;33780;33169;34664;34334;30815;15979;102;321366;14542;41257;39553;40372;41056;37809;36545;33664;24914;11480;174
11;Norte;254182;12360;31259;29114;27809;29626;29149;30832;30155;23780;10039;59;120019;6529;14570;13455;11988;12514;12818;14152;14616;13220;6134;23;134163;5831;16689;15659;15821;17112;16331;16680;15539;10560;3905;36
111;Minho-Lima;12330;573;1708;1560;1524;1541;1417;1381;1247;920;453;6;5892;309;810;717;678;603;630;659;638;544;302;2;6438;264;898;843;846;938;787;722;609;376;151;4
1601;Arcos de Valdevez;801;41;115;97;97;93;90;96;96;53;23;0;405;19;51;44;53;43;38;55;51;36;15;0;396;22;64;53;44;50;52;41;45;17;8;0
1602;Caminha;946;47;137;139;110;101;93;104;99;67;48;1;452;29;69;56;49;36;38;54;52;41;28;0;494;18;68;83;61;65;55;50;47;26;20;1
1603;Melgaço;283;11;55;60;27;41;26;26;26;10;1;0;136;7;20;27;13;23;16;8;15;7;0;0;147;4;35;33;14;18;10;18;11;3;1;0
1604;Monção;711;29;114;95;90;85;78;74;80;43;23;0;385;15;55;41;45;37;47;46;51;29;19;0;326;14;59;54;45;48;31;28;29;14;4;0
1605;Paredes de Coura;416;25;63;58;48;55;47;47;36;18;19;0;224;15;32;32;25;27;27;25;19;10;12;0;192;10;31;26;23;28;20;22;17;8;7;0
1606;Ponte da Barca;598;34;94;84;77;74;68;61;51;42;13;0;305;20;45;39;41;31;32;31;28;26;12;0;293;14;49;45;36;43;36;30;23;16;1;0
1607;Ponte de Lima;2236;105;278;275;294;271;259;278;200;180;95;1;1017;54;132;123;107;103;96;114;99;116;72;1;1219;51;146;152;187;168;163;164;101;64;23;0
1608;Valença;753;23;107;92;87;89;100;91;78;56;29;1;398;9;50;41;39;46;57;56;47;33;20;0;355;14;57;51;48;43;43;35;31;23;9;1
1609;Viana do Castelo;5182;242;680;607;644;688;613;568;544;413;180;3;2343;135;315;290;281;230;255;250;255;221;110;1;2839;107;365;317;363;458;358;318;289;192;70;2
1610;Vila Nova de Cerveira;404;16;65;53;50;44;43;36;37;38;22;0;227;6;41;24;25;27;24;20;21;25;14;0;177;10;24;29;25;17;19;16;16;13;8;0
112;Cávado;25980;1300;3318;3126;3117;3204;2950;2871;2912;2249;928;5;11803;683;1487;1411;1286;1221;1236;1289;1351;1221;616;2;14177;617;1831;1715;1831;1983;1714;1582;1561;1028;312;3
0301;Amares;1198;52;171;147;154;177;150;131;94;70;52;0;541;24;80;54;49;61;73;60;55;48;37;0;657;28;91;93;105;116;77;71;39;22;15;0
0302;Barcelos;7222;427;883;712;746;850;803;839;909;737;314;2;3446;230;394;359;320;360;375;375;414;392;226;1;3776;197;489;353;426;490;428;464;495;345;88;1
0303;Braga;12440;548;1527;1619;1572;1570;1393;1356;1390;1065;398;2;5591;278;709;740;665;615;547;607;633;554;242;1;6849;270;818;879;907;955;846;749;757;511;156;1
0306;Esposende;1923;89;275;217;229;215;231;184;220;167;95;1;809;48;111;93;96;59;78;74;97;91;62;0;1114;41;164;124;133;156;153;110;123;76;33;1
0310;Terras de Bouro;461;20;79;66;63;43;48;57;39;33;13;0;185;10;31;22;23;9;17;21;24;21;7;0;276;10;48;44;40;34;31;36;15;12;6;0
0313;Vila Verde;2736;164;383;365;353;349;325;304;260;177;56;0;1231;93;162;143;133;117;146;152;128;115;42;0;1505;71;221;222;220;232;179;152;132;62;14;0
119;Ave;38754;1743;3957;3598;3650;4220;4334;5171;5711;4898;1468;4;17979;943;1814;1683;1550;1819;1897;2264;2580;2558;869;2;20775;800;2143;1915;2100;2401;2437;2907;3131;2340;599;2
0307;Fafe;3465;199;409;402;333;352;389;401;410;441;129;0;1698;108;189;185;148;158;195;197;203;231;84;0;1767;91;220;217;185;194;194;204;207;210;45;0
0308;Guimarães;11576;557;1202;1067;1103;1277;1371;1578;1767;1339;315;0;5566;325;573;540;504;566;642;691;818;732;175;0;6010;232;629;527;599;711;729;887;949;607;140;0
0309;Póvoa de Lanhoso;1243;78;180;146;153;137;136;151;118;97;47;0;600;30;75;58;66;60;59;81;76;59;36;0;643;48;105;88;87;77;77;70;42;38;11;0
0311;Vieira do Minho;778;33;120;101;95;101;74;98;67;57;31;1;379;17;63;42;40;42;36;46;37;36;20;0;399;16;57;59;55;59;38;52;30;21;11;1
0312;Vila Nova de Famalicão;10248;430;979;926;942;1170;1096;1288;1537;1449;431;0;4622;229;429;413;355;491;440;590;702;727;246;0;5626;201;550;513;587;679;656;698;835;722;185;0
0314;Vizela;1817;64;178;165;149;191;185;270;320;241;54;0;901;32;89;93;70;96;101;126;137;126;31;0;916;32;89;72;79;95;84;144;183;115;23;0
1314;Santo;Tirso;6215;238;545;485;553;596;657;924;1039;894;283;1;2824;130;250;226;253;258;261;368;432;474;172;0;3391;108;295;259;300;338;396;556;607;420;111;1
1318;Trofa;3412;144;344;306;322;396;426;461;453;380;178;2;1389;72;146;126;114;148;163;165;175;173;105;2;2023;72;198;180;208;248;263;296;278;207;73;0
11A;Área Metropolitana do Porto;104548;4739;12499;11999;11480;12334;12209;12885;12538;9565;4268;32;50573;2507;6210;5841;5268;5431;5474;5989;6080;5258;2501;14;53975;2232;6289;6158;6212;6903;6735;6896;6458;4307;1767;18
0107;Espinho;2686;137;311;293;270;295;298;343;335;288;115;1;1296;68;146;134;132;134;131;176;165;147;63;0;1390;69;165;159;138;161;167;167;170;141;52;1
1304;Gondomar;14172;687;1755;1578;1473;1766;1670;1795;1699;1205;543;1;7004;376;884;742;658;826;767;865;888;676;321;1;7168;311;871;836;815;940;903;930;811;529;222;0
1306;Maia;9995;424;1103;1102;1129;1180;1254;1272;1201;903;422;5;4616;232;544;500;478;482;531;525;569;497;256;2;5379;192;559;602;651;698;723;747;632;406;166;3
1308;Matosinhos;13267;608;1725;1593;1396;1459;1418;1586;1607;1281;590;4;6600;313;873;778;697;634;662;751;816;741;334;1;6667;295;852;815;699;825;756;835;791;540;256;3
1312;Porto;18879;776;2397;2502;2147;2007;2007;2214;2254;1715;852;8;9851;393;1216;1342;1119;1021;1055;1139;1180;930;453;3;9028;383;1181;1160;1028;986;952;1075;1074;785;399;5
1313;Póvoa de Varzim;4270;223;492;505;494;487;452;478;514;424;199;2;1992;125;243;230;230;196;201;194;232;214;126;1;2278;98;249;275;264;291;251;284;282;210;73;1
1315;Valongo;8138;432;953;941;942;1065;993;1011;936;618;247;0;3707;218;436;434;383;412;416;461;435;350;162;0;4431;214;517;507;559;653;577;550;501;268;85;0
1316;Vila do Conde;5795;284;657;629;620;674;659;687;716;612;253;4;2527;164;277;298;242;277;234;266;289;318;159;3;3268;120;380;331;378;397;425;421;427;294;94;1
1317;Vila Nova de Gaia;27346;1168;3106;2856;3009;3401;3458;3499;3276;2519;1047;7;12980;618;1591;1383;1329;1449;1477;1612;1506;1385;627;3;14366;550;1515;1473;1680;1952;1981;1887;1770;1134;420;4
11B;Alto Tâmega;36748;2259;4824;4291;3999;4427;4430;4369;3941;2904;1298;6;17225;1184;2062;1800;1545;1794;1939;2092;2094;1837;877;1;19523;1075;2762;2491;2454;2633;2491;2277;1847;1067;421;5
0106;Castelo de Paiva;1271;59;153;131;135;169;182;171;143;93;35;0;535;29;56;48;51;68;75;63;75;53;17;0;736;30;97;83;84;101;107;108;68;40;18;0
0304;Cabeceiras de Basto;1016;70;150;136;131;125;124;120;92;47;19;2;413;25;59;55;44;44;45;42;52;31;15;1;603;45;91;81;87;81;79;78;40;16;4;1
0305;Celorico de Basto;1337;92;222;168;147;158;155;146;133;74;42;0;646;52;106;76;60;64;74;74;75;42;23;0;691;40;116;92;87;94;81;72;58;32;19;0
1301;Amarante;3514;172;464;443;390;430;458;434;346;256;119;2;1393;84;194;164;126;126;138;177;163;145;76;0;2121;88;270;279;264;304;320;257;183;111;43;2
1302;Baião;1579;81;232;236;186;188;174;193;145;105;39;0;620;35;85;76;49;51;55;87;80;73;29;0;959;46;147;160;137;137;119;106;65;32;10;0
1303;Felgueiras;3079;155;370;328;285;335;296;351;462;351;146;0;1529;83;158;156;135;150;148;170;234;203;92;0;1550;72;212;172;150;185;148;181;228;148;54;0
1305;Lousada;3178;198;372;349;318;390;401;393;353;297;107;0;1538;112;170;158;132;165;209;180;163;179;70;0;1640;86;202;191;186;225;192;213;190;118;37;0
1307;Marco de Canaveses;3859;246;520;429;457;510;494;458;361;235;148;1;1772;129;217;154;192;178;210;221;216;151;104;0;2087;117;303;275;265;332;284;237;145;84;44;1
1309;Paços de Ferreira;4155;325;460;416;411;438;470;542;526;403;164;0;2230;196;217;211;198;227;231;299;270;259;122;0;1925;129;243;205;213;211;239;243;256;144;42;0
1310;Paredes;6707;434;862;745;741;831;845;812;703;496;237;1;3197;230;379;320;248;356;378;405;380;333;168;0;3510;204;483;425;493;475;467;407;323;163;69;1
1311;Penafiel;4237;280;603;542;485;524;504;438;400;313;148;0;2018;143;248;234;190;221;235;219;227;201;100;0;2219;137;355;308;295;303;269;219;173;112;48;0
1705;Mondim de Basto;403;26;58;54;51;55;44;47;27;30;11;0;177;10;30;20;12;17;21;21;19;19;8;0;226;16;28;34;39;38;23;26;8;11;3;0
1709;Ribeira de Pena;384;21;57;33;39;43;44;43;57;32;15;0;164;9;22;14;14;19;13;18;24;21;10;0;220;12;35;19;25;24;31;25;33;11;5;0
1804;Cinfães;1516;73;220;209;162;166;183;159;143;142;59;0;762;32;94;91;69;77;87;83;88;105;36;0;754;41;126;118;93;89;96;76;55;37;23;0
1813;Resende;513;27;81;72;61;65;56;62;50;30;9;0;231;15;27;23;25;31;20;33;28;22;7;0;282;12;54;49;36;34;36;29;22;8;2;0
11C;Tâmega e Sousa;16341;825;1980;1726;1612;1868;1827;2054;1911;1726;808;4;7256;420;859;723;618;754;751;866;892;908;463;2;9085;405;1121;1003;994;1114;1076;1188;1019;818;345;2
0104;Arouca;808;59;142;96;75;85;77;92;74;70;38;0;360;22;51;42;28;29;36;48;39;39;26;0;448;37;91;54;47;56;41;44;35;31;12;0
0109;Santa Maria da Feira;10393;466;1153;976;1027;1273;1247;1408;1246;1089;504;4;4593;251;531;413;385;503;512;568;569;565;294;2;5800;215;622;563;642;770;735;840;677;524;210;2
0113;Oliveira de Azeméis;3061;201;418;377;284;276;306;348;347;344;160;0;1408;105;171;160;110;125;131;162;165;193;86;0;1653;96;247;217;174;151;175;186;182;151;74;0
0116;São João da Madeira;1230;44;142;151;132;126;139;139;151;147;59;0;536;21;60;63;57;54;49;58;73;77;24;0;694;23;82;88;75;72;90;81;78;70;35;0
0119;Vale de Cambra;849;55;125;126;94;108;58;67;93;76;47;0;359;21;46;45;38;43;23;30;46;34;33;0;490;34;79;81;56;65;35;37;47;42;14;0
11D;Douro;10266;482;1597;1475;1244;1079;1065;1111;1023;787;401;2;4790;246;716;654;538;426;460;526;521;458;245;0;5476;236;881;821;706;653;605;585;502;329;156;2
0403;Carrazeda de Ansiães;250;8;40;46;32;24;24;23;29;18;6;0;129;6;17;24;11;11;14;17;15;11;3;0;121;2;23;22;21;13;10;6;14;7;3;0
0404;Freixo de Espada à Cinta;145;14;28;23;20;13;11;12;13;8;3;0;67;9;12;10;9;4;6;5;5;7;0;0;78;5;16;13;11;9;5;7;8;1;3;0
0409;Torre de Moncorvo;311;15;40;50;35;36;17;36;28;36;18;0;125;9;16;24;10;16;5;12;13;10;10;0;186;6;24;26;25;20;12;24;15;26;8;0
0410;Vila Flor;304;15;39;35;37;32;42;26;39;25;14;0;106;6;15;16;13;9;13;13;7;11;3;0;198;9;24;19;24;23;29;13;32;14;11;0
0914;Vila Nova de Foz Côa;231;15;36;36;32;28;21;17;24;12;10;0;95;7;19;11;13;10;3;8;13;5;6;0;136;8;17;25;19;18;18;9;11;7;4;0
1701;Alijó;566;27;91;95;70;53;53;60;60;34;23;0;269;13;33;45;31;24;23;29;33;26;12;0;297;14;58;50;39;29;30;31;27;8;11;0
1704;Mesão Frio;323;23;49;42;45;40;34;30;31;20;9;0;126;11;15;15;18;11;10;13;14;12;7;0;197;12;34;27;27;29;24;17;17;8;2;0
1708;Peso da Régua;1061;48;175;143;111;97;128;116;106;100;37;0;562;23;95;62;61;52;60;54;58;70;27;0;499;25;80;81;50;45;68;62;48;30;10;0
1710;Sabrosa;316;17;52;48;40;37;29;29;26;21;17;0;158;12;23;28;15;16;15;13;11;13;12;0;158;5;29;20;25;21;14;16;15;8;5;0
1711;Santa Marta de Penaguião;400;19;58;63;41;44;41;42;37;42;13;0;186;10;26;28;14;17;17;20;21;23;10;0;214;9;32;35;27;27;24;22;16;19;3;0
1714;Vila Real;2661;95;378;392;358;291;269;308;265;196;109;0;1292;51;164;183;167;110;129;164;144;113;67;0;1369;44;214;209;191;181;140;144;121;83;42;0
1801;Armamar;279;21;57;38;25;35;20;29;25;15;14;0;122;8;27;21;8;10;8;8;12;12;8;0;157;13;30;17;17;25;12;21;13;3;6;0
1805;Lamego;1723;62;267;247;198;180;197;202;164;136;69;1;800;37;123;113;82;67;75;92;92;77;42;0;923;25;144;134;116;113;122;110;72;59;27;1
1807;Moimenta da Beira;389;20;64;49;56;42;41;34;36;32;14;1;166;9;28;17;16;23;18;9;18;16;12;0;223;11;36;32;40;19;23;25;18;16;2;1
1812;Penedono;95;4;21;17;13;10;13;8;6;2;1;0;34;1;11;4;2;4;3;6;3;0;0;0;61;3;10;13;11;6;10;2;3;2;1;0
1815;São João da Pesqueira;299;23;64;30;32;26;23;30;36;19;16;0;127;11;31;11;15;8;4;10;17;10;10;0;172;12;33;19;17;18;19;20;19;9;6;0
1818;Sernancelhe;241;17;33;39;22;31;20;29;27;18;5;0;116;5;17;14;13;12;9;20;15;9;2;0;125;12;16;25;9;19;11;9;12;9;3;0
1819;Tabuaço;289;18;51;36;27;19;39;40;28;21;10;0;147;10;30;12;17;7;26;13;14;12;6;0;142;8;21;24;10;12;13;27;14;9;4;0
1820;Tarouca;383;21;54;46;50;41;43;40;43;32;13;0;163;8;14;16;23;15;22;20;16;21;8;0;220;13;40;30;27;26;21;20;27;11;5;0
11E;Terras de Trás-os-Montes;9215;439;1376;1339;1183;953;917;990;872;731;415;0;4501;237;612;626;505;466;431;467;460;436;261;0;4714;202;764;713;678;487;486;523;412;295;154;0
0401;Alfândega da Fé;253;12;33;23;24;22;31;31;34;25;18;0;96;6;8;8;9;7;12;14;11;13;8;0;157;6;25;15;15;15;19;17;23;12;10;0
0402;Bragança;1525;58;224;235;207;187;157;140;139;107;71;0;783;38;101;110;89;99;81;64;84;68;49;0;742;20;123;125;118;88;76;76;55;39;22;0
0405;Macedo de Cavaleiros;603;21;106;109;82;50;48;55;49;53;30;0;260;7;37;39;25;23;20;30;27;33;19;0;343;14;69;70;57;27;28;25;22;20;11;0
0406;Miranda do Douro;271;14;34;47;34;29;33;27;21;21;11;0;107;5;16;24;14;10;8;12;4;10;4;0;164;9;18;23;20;19;25;15;17;11;7;0
0407;Mirandela;1181;44;159;185;175;123;109;115;124;91;56;0;575;24;71;88;82;55;56;52;62;49;36;0;606;20;88;97;93;68;53;63;62;42;20;0
0408;Mogadouro;409;17;61;60;55;44;38;44;39;32;19;0;194;8;29;31;30;19;17;17;17;18;8;0;215;9;32;29;25;25;21;27;22;14;11;0
0411;Vimioso;160;8;21;21;26;10;15;19;17;18;5;0;68;4;10;7;9;3;7;10;6;10;2;0;92;4;11;14;17;7;8;9;11;8;3;0
0412;Vinhais;309;10;48;50;34;27;29;36;37;24;14;0;160;5;23;17;19;14;15;18;20;19;10;0;149;5;25;33;15;13;14;18;17;5;4;0
1702;Boticas;181;8;28;27;16;17;24;20;19;16;6;0;96;4;9;15;8;11;14;16;9;9;1;0;85;4;19;12;8;6;10;4;10;7;5;0
1703;Chaves;2368;111;349;327;311;260;249;262;216;181;102;0;1214;66;178;164;137;135;116;113;129;107;69;0;1154;45;171;163;174;125;133;149;87;74;33;0
1706;Montalegre;387;31;63;59;37;33;29;58;30;29;18;0;197;19;26;27;16;16;13;30;20;19;11;0;190;12;37;32;21;17;16;28;10;10;7;0
1707;Murça;256;21;38;29;33;27;24;27;25;18;14;0;131;14;16;13;16;13;10;15;14;11;9;0;125;7;22;16;17;14;14;12;11;7;5;0
1712;Valpaços;643;42;114;84;72;68;61;75;46;56;25;0;286;17;46;41;24;32;24;37;19;29;17;0;357;25;68;43;48;36;37;38;27;27;8;0
1713;Vila Pouca de Aguiar;669;42;98;83;77;56;70;81;76;60;26;0;334;20;42;42;27;29;38;39;38;41;18;0;335;22;56;41;50;27;32;42;38;19;8;0
16;Centro;116014;5286;15632;14964;13951;13277;12530;12619;12082;10287;5335;51;55259;2857;7498;6912;6027;5613;5475;5991;5975;5737;3157;17;60755;2429;8134;8052;7924;7664;7055;6628;6107;4550;2178;34
16D;Região de Aveiro;21251;1036;2827;2640;2530;2356;2362;2333;2288;1944;930;5;9893;538;1309;1181;1058;986;1013;1086;1076;1107;536;3;11358;498;1518;1459;1472;1370;1349;1247;1212;837;394;2
0101;Águeda;2358;89;295;274;279;235;256;249;306;258;115;2;1024;47;121;114;117;93;100;107;134;136;54;1;1334;42;174;160;162;142;156;142;172;122;61;1
0102;Albergaria-a-Velha;1257;61;153;148;140;132;152;157;142;112;60;0;555;23;55;62;51;58;74;68;65;65;34;0;702;38;98;86;89;74;78;89;77;47;26;0
0103;Anadia;1316;52;191;151;148;118;135;150;159;136;76;0;646;29;95;74;61;46;69;75;69;86;42;0;670;23;96;77;87;72;66;75;90;50;34;0
0105;Aveiro;4302;204;580;612;556;485;453;460;425;376;151;0;2099;108;293;293;260;206;193;211;222;231;82;0;2203;96;287;319;296;279;260;249;203;145;69;0
0108;Estarreja;1472;79;221;200;171;154;161;149;145;136;56;0;686;46;92;85;73;61;75;74;69;79;32;0;786;33;129;115;98;93;86;75;76;57;24;0
0110;Ílhavo;2295;121;300;302;287;273;268;245;227;183;88;1;1117;72;144;137;123;120;115;120;115;109;61;1;1178;49;156;165;164;153;153;125;112;74;27;0
0111;Mealhada;835;41;124;112;109;90;84;78;96;66;35;0;412;19;64;49;47;35;40;48;48;37;25;0;423;22;60;63;62;55;44;30;48;29;10;0
0112;Murtosa;549;44;91;83;66;64;64;51;35;36;15;0;239;26;36;32;24;29;23;21;14;23;11;0;310;18;55;51;42;35;41;30;21;13;4;0
0114;Oliveira do Bairro;1134;52;169;142;140;147;129;119;94;84;58;0;502;26;83;52;51;55;48;55;42;50;40;0;632;26;86;90;89;92;81;64;52;34;18;0
0115;Ovar;4132;213;483;422;441;509;477;502;480;414;191;0;1895;104;236;195;177;220;200;234;213;212;104;0;2237;109;247;227;264;289;277;268;267;202;87;0
0117;Sever do Vouga;556;19;66;55;61;48;63;60;84;65;34;1;223;9;24;24;20;17;18;27;32;32;19;1;333;10;42;31;41;31;45;33;52;33;15;0
0118;Vagos;1045;61;154;139;132;101;120;113;95;78;51;1;495;29;66;64;54;46;58;46;53;47;32;0;550;32;88;75;78;55;62;67;42;31;19;1
16E;Região de Coimbra;16110;632;2106;2335;2028;1862;1621;1720;1672;1368;760;6;7983;344;1025;1113;948;832;752;866;854;802;446;1;8127;288;1081;1222;1080;1030;869;854;818;566;314;5
0602;Cantanhede;1445;56;193;228;177;164;149;144;140;118;75;1;686;31;83;92;80;58;65;78;69;77;53;0;759;25;110;136;97;106;84;66;71;41;22;1
0603;Coimbra;7177;296;946;1125;924;805;683;764;740;598;295;1;3822;162;492;588;491;386;354;422;404;361;162;0;3355;134;454;537;433;419;329;342;336;237;133;1
0604;Condeixa-a-Nova;731;33;97;94;94;89;94;71;77;52;29;1;339;14;44;42;40;44;36;31;38;31;19;0;392;19;53;52;54;45;58;40;39;21;10;1
0605;Figueira da Foz;3552;113;427;445;460;468;377;380;378;316;185;3;1661;72;207;215;188;203;159;165;184;161;106;1;1891;41;220;230;272;265;218;215;194;155;79;2
0608;Mira;595;19;84;77;94;56;49;53;66;59;38;0;254;8;27;29;35;22;19;26;30;36;22;0;341;11;57;48;59;34;30;27;36;23;16;0
0610;Montemor-o-Velho;1218;54;182;184;126;126;143;143;108;103;49;0;552;23;81;74;53;54;62;65;52;59;29;0;666;31;101;110;73;72;81;78;56;44;20;0
0613;Penacova;590;37;77;65;66;59;52;76;67;50;41;0;299;18;41;24;30;27;28;40;34;32;25;0;291;19;36;41;36;32;24;36;33;18;16;0
0615;Soure;802;24;100;117;87;95;74;89;96;72;48;0;370;16;50;49;31;38;29;39;43;45;30;0;432;8;50;68;56;57;45;50;53;27;18;0
16F;Região de Leiria;11587;532;1500;1436;1472;1372;1318;1250;1139;985;575;8;5252;266;713;644;586;514;547;567;548;554;311;2;6335;266;787;792;886;858;771;683;591;431;264;6
1004;Batalha;611;22;79;76;73;67;61;66;59;69;38;1;276;15;39;37;28;22;24;27;27;37;20;0;335;7;40;39;45;45;37;39;32;32;18;1
1009;Leiria;5693;283;745;757;739;650;624;584;544;473;290;4;2638;132;365;352;292;252;262;277;267;276;162;1;3055;151;380;405;447;398;362;307;277;197;128;3
1010;Marinha Grande;2044;78;243;227;254;263;256;260;234;154;74;1;882;45;117;101;95;98;105;114;97;70;40;0;1162;33;126;126;159;165;151;146;137;84;34;1
1015;Pombal;2157;109;295;247;257;253;250;229;198;206;113;0;996;58;133;105;103;92;107;97;105;128;68;0;1161;51;162;142;154;161;143;132;93;78;45;0
1016;Porto de Mós;1082;40;138;129;149;139;127;111;104;83;60;2;460;16;59;49;68;50;49;52;52;43;21;1;622;24;79;80;81;89;78;59;52;40;39;1
164;Pinhal Interior Norte;5953;267;863;734;678;653;655;678;616;554;254;1;2797;160;409;329;279;243;278;331;294;307;167;0;3156;107;454;405;399;410;377;347;322;247;87;1
0601;Arganil;471;26;77;62;44;48;51;49;53;40;21;0;252;17;38;31;19;21;29;27;34;21;15;0;219;9;39;31;25;27;22;22;19;19;6;0
0606;Góis;149;4;30;16;17;10;14;21;20;13;4;0;73;1;16;9;6;5;5;13;9;6;3;0;76;3;14;7;11;5;9;8;11;7;1;0
0607;Lousã;913;44;125;128;113;122;122;106;75;54;23;1;401;28;59;57;48;41;46;46;37;26;13;0;512;16;66;71;65;81;76;60;38;28;10;1
0609;Miranda do Corvo;598;19;103;88;76;64;69;63;53;42;21;0;297;13;47;44;33;22;37;34;28;25;14;0;301;6;56;44;43;42;32;29;25;17;7;0
0611;Oliveira do Hospital;1026;55;139;141;125;99;98;120;116;95;38;0;479;33;64;62;52;40;42;47;55;57;27;0;547;22;75;79;73;59;56;73;61;38;11;0
0612;Pampilhosa da Serra;130;7;11;18;10;18;17;12;17;14;6;0;72;6;6;11;5;8;11;10;6;5;4;0;58;1;5;7;5;10;6;2;11;9;2;0
0614;Penela;237;8;19;21;28;22;26;31;29;31;22;0;118;5;9;11;12;8;10;18;12;18;15;0;119;3;10;10;16;14;16;13;17;13;7;0
0616;Tábua;535;34;71;55;63;66;50;64;57;51;24;0;270;20;39;25;27;30;19;33;33;31;13;0;265;14;32;30;36;36;31;31;24;20;11;0
0617;Vila Nova de Poiares;307;9;59;39;42;32;29;32;24;30;11;0;150;6;28;15;15;10;15;20;12;21;8;0;157;3;31;24;27;22;14;12;12;9;3;0
1002;Alvaiázere;280;13;56;32;36;25;38;22;19;27;12;0;140;5;25;19;19;10;16;8;9;21;8;0;140;8;31;13;17;15;22;14;10;6;4;0
1003;Ansião;565;22;78;58;49;71;69;54;60;66;38;0;244;11;33;22;22;24;25;25;24;33;25;0;321;11;45;36;27;47;44;29;36;33;13;0
1007;Castanheira de Pêra;168;6;21;22;17;15;15;24;19;26;3;0;72;4;11;8;7;6;6;9;6;13;2;0;96;2;10;14;10;9;9;15;13;13;1;0
1008;Figueiró dos Vinhos;364;13;46;29;44;36;33;44;53;42;24;0;144;7;23;5;9;11;8;23;20;23;15;0;220;6;23;24;35;25;25;21;33;19;9;0
1013;Pedrógão Grande;210;7;28;25;14;25;24;36;21;23;7;0;85;4;11;10;5;7;9;18;9;7;5;0;125;3;17;15;9;18;15;18;12;16;2;0
16G;Viseu Dão Lafões;13502;632;1884;1713;1610;1494;1408;1433;1368;1229;723;8;6366;338;834;765;684;605;598;649;703;697;490;3;7136;294;1050;948;926;889;810;784;665;532;233;5
0901;Aguiar da Beira;174;8;28;24;23;20;23;21;16;9;2;0;62;1;15;5;7;6;5;8;7;7;1;0;112;7;13;19;16;14;18;13;9;2;1;0
1802;Carregal do Sal;431;24;73;47;49;51;41;54;33;29;30;0;236;16;32;22;21;24;21;31;20;24;25;0;195;8;41;25;28;27;20;23;13;5;5;0
1803;Castro Daire;564;37;78;69;63;60;61;64;50;48;33;1;272;21;34;30;26;26;24;29;25;34;23;0;292;16;44;39;37;34;37;35;25;14;10;1
1806;Mangualde;1189;54;143;133;114;148;127;158;124;128;60;0;507;27;62;59;38;49;43;58;57;75;39;0;682;27;81;74;76;99;84;100;67;53;21;0
1808;Mortágua;324;14;40;55;36;35;28;25;39;32;20;0;150;4;21;23;18;16;16;12;14;11;15;0;174;10;19;32;18;19;12;13;25;21;5;0
1809;Nelas;688;26;81;80;93;64;85;69;76;84;30;0;297;15;37;35;39;21;32;28;32;40;18;0;391;11;44;45;54;43;53;41;44;44;12;0
1810;Oliveira de Frades;418;25;58;48;37;53;44;41;44;45;22;1;190;15;23;17;13;24;19;18;20;25;15;1;228;10;35;31;24;29;25;23;24;20;7;0
1811;Penalva do Castelo;363;16;52;47;53;32;40;36;40;25;22;0;128;9;14;14;16;9;10;10;21;11;14;0;235;7;38;33;37;23;30;26;19;14;8;0
1814;Santa Comba Dão;580;26;67;71;55;53;60;65;62;68;51;2;290;16;35;29;21;26;27;31;22;44;38;1;290;10;32;42;34;27;33;34;40;24;13;1
1816;São Pedro do Sul;743;36;101;90;84;81;80;86;78;65;40;2;302;20;38;33;30;32;30;37;35;23;24;0;441;16;63;57;54;49;50;49;43;42;16;2
1817;Sátão;597;39;99;54;70;61;72;64;70;42;26;0;253;19;34;21;26;24;27;25;36;23;18;0;344;20;65;33;44;37;45;39;34;19;8;0
1821;Tondela;1301;66;186;147;120;134;132;143;162;120;91;0;703;36;90;70;60;67;67;77;92;79;65;0;598;30;96;77;60;67;65;66;70;41;26;0
1822;Vila Nova de Paiva;253;12;35;32;30;30;23;29;28;24;10;0;125;10;16;14;15;13;10;12;14;12;9;0;128;2;19;18;15;17;13;17;14;12;1;0
1823;Viseu;5443;224;772;766;737;629;536;533;505;469;270;2;2641;117;358;371;331;247;241;252;282;265;176;1;2802;107;414;395;406;382;295;281;223;204;94;1
1824;Vouzela;434;25;71;50;46;43;56;45;41;41;16;0;210;12;25;22;23;21;26;21;26;24;10;0;224;13;46;28;23;22;30;24;15;17;6;0
16H;Beira Baixa;1357;60;202;181;160;144;130;147;132;131;69;1;693;33;87;82;70;66;63;78;75;90;49;0;664;27;115;99;90;78;67;69;57;41;20;1
0506;Oleiros;94;1;23;13;13;8;10;8;7;7;4;0;49;1;10;7;6;5;4;5;6;4;1;0;45;0;13;6;7;3;6;3;1;3;3;0
0508;Proença-a-Nova;297;12;25;38;39;30;27;33;39;35;19;0;152;7;13;20;15;13;14;13;18;25;14;0;145;5;12;18;24;17;13;20;21;10;5;0
0509;Sertã;629;31;100;81;65;74;66;71;58;51;31;1;282;16;27;30;26;28;29;32;37;35;22;0;347;15;73;51;39;46;37;39;21;16;9;1
0510;Vila de Rei;102;3;18;14;8;8;9;13;9;15;5;0;69;1;14;7;5;5;7;11;3;11;5;0;33;2;4;7;3;3;2;2;6;4;0;0
1413;Mação;235;13;36;35;35;24;18;22;19;23;10;0;141;8;23;18;18;15;9;17;11;15;7;0;94;5;13;17;17;9;9;5;8;8;3;0
16J;Beiras e Serra da Estrela;2363;95;329;267;223;217;230;299;299;281;121;2;1117;53;165;113;97;91;111;139;142;136;69;1;1246;42;164;154;126;126;119;160;157;145;52;1
0905;Fornos de Algodres;267;12;38;29;30;25;27;42;29;25;10;0;120;6;20;8;9;11;12;19;12;16;7;0;147;6;18;21;21;14;15;23;17;9;3;0
0906;Gouveia;764;25;104;85;74;75;81;82;94;96;47;1;363;16;50;37;37;34;36;43;36;49;24;1;401;9;54;48;37;41;45;39;58;47;23;0
0912;Seia;1332;58;187;153;119;117;122;175;176;160;64;1;634;31;95;68;51;46;63;77;94;71;38;0;698;27;92;85;68;71;59;98;82;89;26;1
168;Beira Interior Norte;5101;163;707;645;623;621;561;609;531;422;215;4;2316;95;326;272;281;249;215;280;251;219;126;2;2785;68;381;373;342;372;346;329;280;203;89;2
0902;Almeida;261;5;46;40;27;21;25;39;29;17;12;0;123;3;23;17;14;11;12;17;12;7;7;0;138;2;23;23;13;10;13;22;17;10;5;0
0903;Celorico da Beira;349;13;65;46;48;42;25;38;34;19;19;0;187;6;34;20;25;16;14;26;20;11;15;0;162;7;31;26;23;26;11;12;14;8;4;0
0904;Figueira de Castelo Rodrigo;313;10;58;53;24;38;31;36;32;17;13;1;156;5;23;26;15;17;10;20;17;12;11;0;157;5;35;27;9;21;21;16;15;5;2;1
0907;Guarda;2633;70;283;314;350;350;316;324;265;244;117;0;1182;48;131;135;156;138;124;139;123;123;65;0;1451;22;152;179;194;212;192;185;142;121;52;0
0908;Manteigas;192;2;26;20;20;25;20;21;33;18;7;0;84;2;15;8;8;9;7;8;11;14;2;0;108;0;11;12;12;16;13;13;22;4;5;0
0909;Meda;174;4;31;32;25;15;13;16;13;18;6;1;74;0;17;12;9;5;4;12;7;5;3;0;100;4;14;20;16;10;9;4;6;13;3;1
0910;Pinhel;471;16;48;50;63;58;61;60;59;41;15;0;150;8;15;19;15;19;12;19;18;16;9;0;321;8;33;31;48;39;49;41;41;25;6;0
0911;Sabugal;389;28;79;44;36;41;38;44;35;27;17;0;202;16;38;15;22;23;19;21;23;18;7;0;187;12;41;29;14;18;19;23;12;9;10;0
0913;Trancoso;319;15;71;46;30;31;32;31;31;21;9;2;158;7;30;20;17;11;13;18;20;13;7;2;161;8;41;26;13;20;19;13;11;8;2;0
169;Beira Interior Sul;3324;122;394;442;378;378;343;367;370;333;197;0;1628;64;184;219;151;176;148;184;187;206;109;0;1696;58;210;223;227;202;195;183;183;127;88;0
0502;Castelo Branco;2695;105;306;358;315;303;277;306;307;260;158;0;1297;55;146;179;118;137;107;147;157;159;92;0;1398;50;160;179;197;166;170;159;150;101;66;0
0505;Idanha-a-Nova;349;8;42;46;33;46;35;36;38;42;23;0;174;4;19;21;16;24;24;19;15;24;8;0;175;4;23;25;17;22;11;17;23;18;15;0
0507;Penamacor;189;4;35;28;23;21;27;16;17;16;2;0;99;1;16;14;14;8;15;10;10;10;1;0;90;3;19;14;9;13;12;6;7;6;1;0
0511;Vila Velha de Ródão;91;5;11;10;7;8;4;9;8;15;14;0;58;4;3;5;3;7;2;8;5;13;8;0;33;1;8;5;4;1;2;1;3;2;6;0
16A;Cova da Beira;5491;188;693;667;602;598;597;632;680;579;250;5;2603;119;346;330;266;256;259;295;333;260;138;1;2888;69;347;337;336;342;338;337;347;319;112;4
0501;Belmonte;472;16;78;66;59;52;51;43;61;33;13;0;248;10;43;33;26;28;23;25;32;20;8;0;224;6;35;33;33;24;28;18;29;13;5;0
0503;Covilhã;3301;123;387;379;345;377;356;376;432;366;159;1;1550;76;201;188;159;161;156;170;205;152;82;0;1751;47;186;191;186;216;200;206;227;214;77;1
0504;Fundão;1718;49;228;222;198;169;190;213;187;180;78;4;805;33;102;109;81;67;80;100;96;88;48;1;913;16;126;113;117;102;110;113;91;92;30;3
16B;Oeste;19504;1089;2595;2509;2367;2335;2153;2059;1988;1588;814;7;9501;588;1356;1214;1038;1047;956;974;1002;862;462;2;10003;501;1239;1295;1329;1288;1197;1085;986;726;352;5
1001;Alcobaça;2878;123;370;344;311;349;335;357;343;242;102;2;1303;63;188;146;120;136;132;166;172;123;56;1;1575;60;182;198;191;213;203;191;171;119;46;1
1005;Bombarral;700;58;99;79;79;71;75;81;61;63;34;0;333;25;47;41;39;26;32;35;34;34;20;0;367;33;52;38;40;45;43;46;27;29;14;0
1006;Caldas da Rainha;3353;170;423;412;424;381;350;386;384;270;150;3;1653;94;232;196;198;181;157;189;183;142;81;0;1700;76;191;216;226;200;193;197;201;128;69;3
1011;Nazaré;982;51;131;142;147;112;108;100;106;58;27;0;441;25;62;68;62;55;37;39;42;32;19;0;541;26;69;74;85;57;71;61;64;26;8;0
1012;Óbidos;572;22;73;65;70;64;60;60;64;65;29;0;273;13;37;26;30;24;22;31;29;42;19;0;299;9;36;39;40;40;38;29;35;23;10;0
1014;Peniche;1865;104;265;231;227;200;207;202;188;156;85;0;891;64;140;127;101;90;97;89;73;71;39;0;974;40;125;104;126;110;110;113;115;85;46;0
1101;Alenquer;2353;146;281;325;309;294;256;250;223;179;88;2;1125;88;136;153;128;138;108;105;120;94;54;1;1228;58;145;172;181;156;148;145;103;85;34;1
1102;Arruda dos Vinhos;518;26;75;69;68;72;72;56;28;29;23;0;233;14;32;26;27;28;34;28;16;12;16;0;285;12;43;43;41;44;38;28;12;17;7;0
1104;Cadaval;644;34;82;79;73;73;70;57;82;57;37;0;326;15;30;43;28;39;35;31;51;31;23;0;318;19;52;36;45;34;35;26;31;26;14;0
1108;Lourinhã;1297;72;200;185;164;180;125;104;100;115;52;0;664;44;106;88;74;80;61;49;55;75;32;0;633;28;94;97;90;100;64;55;45;40;20;0
1112;Sobral de Monte Agraço;444;36;60;49;57;59;48;37;45;41;12;0;229;20;25;28;28;30;18;21;25;26;8;0;215;16;35;21;29;29;30;16;20;15;4;0
1113;Torres Vedras;3898;247;536;529;438;480;447;369;364;313;175;0;2030;123;321;272;203;220;223;191;202;180;95;0;1868;124;215;257;235;260;224;178;162;133;80;0
16I;Médio Tejo;10471;470;1532;1395;1280;1247;1152;1092;999;873;427;4;5110;259;744;650;569;548;535;542;510;497;254;2;5361;211;788;745;711;699;617;550;489;376;173;2
1401;Abrantes;2266;100;272;297;286;273;239;265;209;215;109;1;1159;62;137;140;125;121;127;141;116;125;65;0;1107;38;135;157;161;152;112;124;93;90;44;1
1402;Alcanena;631;34;97;83;79;75;58;54;57;54;40;0;314;14;45;44;37;29;28;26;31;36;24;0;317;20;52;39;42;46;30;28;26;18;16;0
1408;Constância;203;15;32;30;22;35;17;19;14;14;5;0;106;9;18;14;12;19;7;8;3;12;4;0;97;6;14;16;10;16;10;11;11;2;1;0
1410;Entroncamento;1026;49;156;178;155;138;101;87;72;63;26;1;456;28;82;76;72;56;39;28;31;30;14;0;570;21;74;102;83;82;62;59;41;33;12;1
1411;Ferreira do Zêzere;262;12;48;45;36;30;23;21;24;16;7;0;124;5;18;25;15;14;8;13;12;11;3;0;138;7;30;20;21;16;15;8;12;5;4;0
1417;Sardoal;202;15;34;22;27;23;18;18;24;12;9;0;104;7;21;8;11;12;10;8;14;9;4;0;98;8;13;14;16;11;8;10;10;3;5;0
1418;Tomar;2228;82;336;282;257;244;259;261;227;196;83;1;1192;43;181;144;139;110;124;146;137;115;52;1;1036;39;155;138;118;134;135;115;90;81;31;0
1419;Torres Novas;1599;71;247;188;181;181;179;152;177;149;73;1;765;41;121;84;63;92;87;79;82;77;38;1;834;30;126;104;118;89;92;73;95;72;35;0
1420;Vila Nova da Barquinha;290;11;36;43;42;45;27;28;25;21;12;0;134;5;17;22;14;19;13;12;15;8;9;0;156;6;19;21;28;26;14;16;10;13;3;0
1421;Ourém;1764;81;274;227;195;203;231;187;170;133;63;0;756;45;104;93;81;76;92;81;69;74;41;0;1008;36;170;134;114;127;139;106;101;59;22;0
17;Lisboa;181782;9982;24340;22042;22307;22518;20208;19046;17788;15103;8308;140;94133;5245;12912;11164;10853;11199;10457;10119;9470;8137;4523;54;87649;4737;11428;10878;11454;11319;9751;8927;8318;6966;3785;86
170;Área Metropolitana de Lisboa;126478;6935;16916;15493;15501;15589;14180;13274;12230;10443;5820;97;66157;3635;9011;7873;7641;7928;7454;7179;6640;5657;3103;36;60321;3300;7905;7620;7860;7661;6726;6095;5590;4786;2717;61
1105;Cascais;12324;631;1571;1313;1412;1489;1372;1368;1321;1131;701;15;6269;351;831;685;693;717;675;691;674;584;364;4;6055;280;740;628;719;772;697;677;647;547;337;11
1106;Lisboa;30839;1420;4076;4225;3858;3700;3218;3321;3012;2570;1420;19;16899;738;2156;2311;2025;2019;1752;1894;1744;1475;777;8;13940;682;1920;1914;1833;1681;1466;1427;1268;1095;643;11
1107;Loures;13301;843;1850;1659;1496;1573;1469;1357;1252;1151;638;13;7089;432;1040;809;723;813;844;773;681;612;356;6;6212;411;810;850;773;760;625;584;571;539;282;7
1109;Mafra;3603;194;443;410;474;507;444;358;322;277;171;3;1749;96;221;182;209;222;212;175;190;148;91;3;1854;98;222;228;265;285;232;183;132;129;80;0
1110;Oeiras;9242;446;1247;1118;1147;1102;973;943;892;849;517;8;4731;240;696;562;591;515;462;494;472;442;254;3;4511;206;551;556;556;587;511;449;420;407;263;5
1111;Sintra;26650;1646;3600;2907;3204;3489;3369;2932;2532;1976;978;17;13405;861;1883;1402;1487;1668;1731;1511;1316;1046;496;4;13245;785;1717;1505;1717;1821;1638;1421;1216;930;482;13
1114;Vila Franca de Xira;8354;464;1119;1046;1099;1043;928;804;789;693;364;5;4116;238;584;500;464;523;433;394;389;362;227;2;4238;226;535;546;635;520;495;410;400;331;137;3
1115;Amadora;12963;709;1790;1677;1600;1571;1461;1301;1219;1045;583;7;7023;361;941;862;855;874;814;745;685;586;297;3;5940;348;849;815;745;697;647;556;534;459;286;4
1116;Odivelas;9202;582;1220;1138;1211;1115;946;890;891;751;448;10;4876;318;659;560;594;577;531;502;489;402;241;3;4326;264;561;578;617;538;415;388;402;349;207;7
172;Península de Setúbal;55304;3047;7424;6549;6806;6929;6028;5772;5558;4660;2488;43;27976;1610;3901;3291;3212;3271;3003;2940;2830;2480;1420;18;27328;1437;3523;3258;3594;3658;3025;2832;2728;2180;1068;25
1502;Alcochete;1099;59;144;132;152;134;140;104;101;81;51;1;613;35;78;77;75;74;74;59;66;45;30;0;486;24;66;55;77;60;66;45;35;36;21;1
1503;Almada;11852;678;1597;1458;1420;1425;1277;1224;1212;1057;491;13;6242;385;863;733;718;723;666;647;638;588;274;7;5610;293;734;725;702;702;611;577;574;469;217;6
1504;Barreiro;5606;288;736;677;689;726;596;565;585;476;265;3;2828;144;389;371;311;362;316;278;292;224;140;1;2778;144;347;306;378;364;280;287;293;252;125;2
1506;Moita;5616;317;767;652;706;676;633;575;610;452;224;4;3003;171;432;334;347;315;332;329;324;278;140;1;2613;146;335;318;359;361;301;246;286;174;84;3
1507;Montijo;3462;182;436;423;490;458;397;367;317;264;128;0;1793;90;229;227;230;224;202;190;167;154;80;0;1669;92;207;196;260;234;195;177;150;110;48;0
1508;Palmela;4188;235;528;480;480;538;477;459;410;338;240;3;2044;129;269;215;218;211;220;218;224;189;151;0;2144;106;259;265;262;327;257;241;186;149;89;3
1510;Seixal;11283;676;1603;1313;1365;1377;1198;1160;1091;978;515;7;5589;338;837;645;637;639;583;588;534;487;298;3;5694;338;766;668;728;738;615;572;557;491;217;4
1511;Sesimbra;3098;170;418;379;379;447;340;350;281;214;117;3;1408;81;207;181;161;196;144;143;133;104;56;2;1690;89;211;198;218;251;196;207;;;;
1512;Setúbal;9100;442;1195;1035;1125;1148;970;968;951;800;457;9;4456;237;597;508;515;527;466;488;452;411;251;4;4644;205;598;527;610;621;504;480;499;389;206;5
18;Alentejo;43963;1977;5934;5502;5327;5016;4919;4748;4558;3809;2152;21;21640;1092;2917;2654;2405;2256;2301;2302;2358;2146;1202;7;22323;885;3017;2848;2922;2760;2618;2446;2200;1663;950;14
181;Alentejo Litoral;4927;202;673;619;540;513;505;525;569;483;293;5;2300;117;318;257;218;214;227;228;271;273;175;2;2627;85;355;362;322;299;278;297;298;210;118;3
0211;Odemira;1574;52;173;178;171;157;194;196;194;175;84;0;776;34;91;78;65;57;98;93;100;112;48;0;798;18;82;100;106;100;96;103;94;63;36;0
1501;Alcácer do Sal;660;38;111;82;74;65;46;60;68;73;43;0;324;22;48;37;32;32;22;31;40;35;25;0;336;16;63;45;42;33;24;29;28;38;18;0
1505;Grândola;697;30;104;90;81;70;64;72;74;54;57;1;324;17;41;32;34;31;26;30;43;31;39;0;373;13;63;58;47;39;38;42;31;23;18;1
1509;Santiago do Cacém;1296;45;178;185;129;141;133;128;155;123;76;3;555;25;80;73;53;57;50;48;63;61;44;1;741;20;98;112;76;84;83;80;92;62;32;2
1513;Sines;700;37;107;84;85;80;68;69;78;58;33;1;321;19;58;37;34;37;31;26;25;34;19;1;379;18;49;47;51;43;37;43;53;24;14;0
186;Alto Alentejo;7920;365;1172;1042;952;854;862;884;828;640;318;3;3915;194;558;524;449;361;408;429;455;371;166;0;4005;171;614;518;503;493;454;455;373;269;152;3
0707;Mora;283;14;41;40;24;24;26;24;36;31;23;0;119;11;21;20;8;5;5;4;20;14;11;0;164;3;20;20;16;19;21;20;16;17;12;0
1201;Alter do Chão;190;14;30;27;29;13;20;19;12;16;10;0;93;7;14;14;14;7;10;9;5;10;3;0;97;7;16;13;15;6;10;10;7;6;7;0
1202;Arronches;186;10;26;32;13;18;26;19;22;12;8;0;111;6;16;17;9;7;15;13;14;11;3;0;75;4;10;15;4;11;11;6;8;1;5;0
1203;Avis;296;11;52;21;30;36;34;36;35;23;17;1;129;4;20;11;12;16;17;16;15;12;6;0;167;7;32;10;18;20;17;20;20;11;11;1
1204;Campo Maior;582;43;91;83;70;72;69;44;47;32;30;1;283;27;39;48;32;30;38;12;23;13;21;0;299;16;52;35;38;42;31;32;24;19;9;1
1205;Castelo de Vide;133;2;28;21;17;16;13;10;9;12;5;0;66;2;9;15;7;8;7;5;5;5;3;0;67;0;19;6;10;8;6;5;4;7;2;0
1206;Crato;172;4;25;20;18;21;12;24;17;18;13;0;90;2;12;10;8;10;7;14;9;11;7;0;82;2;13;10;10;11;5;10;8;7;6;0
1207;Elvas;1877;88;325;278;256;238;214;186;139;110;43;0;923;39;157;144;138;108;94;91;73;61;18;0;954;49;168;134;118;130;120;95;66;49;25;0
1208;Fronteira;225;16;24;33;36;13;18;36;17;19;13;0;99;8;14;13;13;7;6;16;10;7;5;0;126;8;10;20;23;6;12;20;7;12;8;0
1209;Gavião;251;12;32;27;29;23;29;34;33;23;9;0;127;3;13;16;14;6;15;20;19;16;5;0;124;9;19;11;15;17;14;14;14;7;4;0
1210;Marvão;136;10;26;21;10;11;18;12;9;11;8;0;80;7;11;14;7;4;12;7;6;7;5;0;56;3;15;7;3;7;6;5;3;4;3;0
1211;Monforte;198;18;30;27;30;21;15;16;22;12;7;0;103;8;17;15;13;8;11;8;14;8;1;0;95;10;13;12;17;13;4;8;8;4;6;0
1212;Nisa;327;11;43;40;42;34;48;35;30;31;13;0;178;7;15;24;22;16;26;22;14;23;9;0;149;4;28;16;20;18;22;13;16;8;4;0
1213;Ponte de Sor;1550;55;138;144;166;157;153;236;263;171;67;0;772;31;55;56;71;58;64;121;164;109;43;0;778;24;83;88;95;99;89;115;99;62;24;0
1214;Portalegre;1514;57;261;228;182;157;167;153;137;119;52;1;742;32;145;107;81;71;81;71;64;64;26;0;772;25;116;121;101;86;86;82;73;55;26;1
187;Alentejo Central;8571;443;1272;1170;1084;1031;982;891;773;602;320;3;4162;224;628;568;461;495;463;421;398;320;183;1;4409;219;644;602;623;536;519;470;375;282;137;2
0701;Alandroal;381;13;46;43;45;51;55;31;46;32;19;0;181;6;25;18;16;31;26;11;22;16;10;0;200;7;21;25;29;20;29;20;24;16;9;0
0702;Arraiolos;348;15;53;42;44;37;41;39;31;29;17;0;148;5;25;25;21;11;13;16;12;12;8;0;200;10;28;17;23;26;28;23;19;17;9;0
0703;Borba;455;17;61;62;44;73;51;56;39;40;12;0;225;10;28;36;15;38;24;23;21;24;6;0;230;7;33;26;29;35;27;33;18;16;6;0
0704;Estremoz;693;38;126;99;88;67;95;60;62;30;28;0;321;22;56;50;34;29;35;33;28;16;18;0;372;16;70;49;54;38;60;27;34;14;10;0
0705;Évora;2926;157;424;412;381;362;349;296;238;206;100;1;1469;81;212;203;171;173;176;147;134;112;60;0;1457;76;212;209;210;189;173;149;104;94;40;1
0706;Montemor-o-Novo;653;33;107;98;76;68;67;61;69;46;28;0;312;12;54;46;31;40;27;30;32;27;13;0;341;21;53;52;45;28;40;31;37;19;15;0
0708;Mourão;250;21;42;35;38;30;24;26;18;10;6;0;114;10;26;16;16;13;10;10;8;3;2;0;136;11;16;19;22;17;14;16;10;7;4;0
0709;Portel;428;17;53;56;50;44;48;48;48;42;22;0;230;11;24;28;26;25;28;24;28;22;14;0;198;6;29;28;24;19;20;24;20;20;8;0
0710;Redondo;409;24;59;50;50;42;44;56;36;30;17;1;199;12;26;23;19;24;24;27;19;17;7;1;210;12;33;27;31;18;20;29;17;13;10;0
0711;Reguengos de Monsaraz;629;24;93;77;89;82;63;70;61;42;28;0;315;13;53;32;40;33;35;37;32;22;18;0;314;11;40;45;49;49;28;33;29;20;10;0
0712;Vendas Novas;443;31;69;56;64;55;39;40;38;36;14;1;214;16;34;28;28;22;23;16;20;20;7;0;229;15;35;28;36;33;16;24;18;16;7;1
0713;Viana do Alentejo;252;7;49;33;33;31;34;21;22;14;8;0;117;3;23;15;13;11;18;10;10;9;5;0;135;4;26;18;20;20;16;11;12;5;3;0
0714;Vila Viçosa;436;27;55;76;46;54;49;58;44;16;11;0;199;14;25;38;18;24;17;26;21;7;9;0;237;13;30;38;28;30;32;32;23;9;2;0
1215;Sousel;268;19;35;31;36;35;23;29;21;29;10;0;118;9;17;10;13;21;7;11;11;13;6;0;150;10;18;21;23;14;16;18;10;16;4;0
184;Baixo Alentejo;7974;348;1130;987;940;893;933;887;769;701;382;4;3879;195;550;470;435;402;411;444;383;383;205;1;4095;153;580;517;505;491;522;443;386;318;177;3
0201;Aljustrel;573;31;74;67;65;62;71;62;57;64;19;1;265;19;36;33;26;29;34;28;18;30;12;0;308;12;38;34;39;33;37;34;39;34;7;1
0202;Almodôvar;393;19;45;42;38;28;48;42;37;50;44;0;151;10;18;13;8;9;15;14;15;26;23;0;242;9;27;29;30;19;33;28;22;24;21;0
0203;Alvito;107;4;19;19;14;10;5;5;10;11;10;0;54;1;8;6;8;4;4;4;4;9;6;0;53;3;11;13;6;6;1;1;6;2;4;0
0204;Barrancos;129;4;22;16;11;12;25;18;14;6;1;0;51;1;9;6;4;6;9;7;7;2;0;0;78;3;13;10;7;6;16;11;7;4;1;0
0205;Beja;1915;102;304;285;252;234;212;178;183;105;60;0;977;58;155;146;123;103;93;101;100;63;35;0;938;44;149;139;129;131;119;77;83;42;25;0
0206;Castro Verde;338;14;51;44;37;40;45;34;36;21;16;0;142;10;24;18;13;13;21;13;14;11;5;0;196;4;27;26;24;27;24;21;22;10;11;0
0207;Cuba;314;11;51;31;50;33;39;35;28;29;7;0;158;4;22;15;26;20;13;19;16;19;4;0;156;7;29;16;24;13;26;16;12;10;3;0
0208;Ferreira do Alentejo;604;21;88;72;82;57;52;81;56;58;37;0;307;15;40;34;32;28;26;45;29;34;24;0;297;6;48;38;50;29;26;36;27;24;13;0
0209;Mértola;329;12;61;35;31;36;29;44;34;27;20;0;161;9;34;15;16;20;9;18;14;13;13;0;168;3;27;20;15;16;20;26;20;14;7;0
0210;Moura;1253;56;172;159;150;138;147;127;116;126;60;2;612;25;86;81;76;57;72;63;59;64;28;1;641;31;86;78;74;81;75;64;57;62;32;1
0212;Ourique;278;6;28;29;34;28;38;33;25;33;23;1;115;3;7;13;9;10;18;18;14;15;8;0;163;3;21;16;25;18;20;15;11;18;15;1
0213;Serpa;1377;55;161;139;140;168;186;186;140;136;66;0;669;33;77;62;72;78;77;91;71;72;36;0;708;22;84;77;68;90;109;95;69;64;30;0
0214;Vidigueira;364;13;54;49;36;47;36;42;33;35;19;0;217;7;34;28;22;25;20;23;22;25;11;0;147;6;20;21;14;22;16;19;11;10;8;0
185;Lezíria do Tejo;14571;619;1687;1684;1811;1725;1637;1561;1619;1383;839;6;7384;362;863;835;842;784;792;780;851;799;473;3;7187;257;824;849;969;941;845;781;768;584;366;3
1103;Azambuja;1183;50;136;147;176;141;122;125;143;103;40;0;627;30;68;66;87;70;75;66;84;56;25;0;556;20;68;81;89;71;47;59;59;47;15;0
1403;Almeirim;1547;59;173;175;189;198;183;141;161;140;127;1;802;41;91;89;92;93;85;66;90;84;70;1;745;18;82;86;97;105;98;75;71;56;57;0
1404;Alpiarça;482;18;31;58;53;48;52;62;54;58;47;1;274;11;17;32;25;29;30;34;33;33;29;1;208;7;14;26;28;19;22;28;21;25;18;0
1405;Benavente;2012;89;243;229;252;262;229;226;219;175;88;0;976;52;123;98;104;122;113;107;101;103;53;0;1036;37;120;131;148;140;116;119;118;72;35;0
1406;Cartaxo;1400;70;176;163;177;172;151;152;168;102;69;0;739;44;90;87;91;76;66;82;96;66;41;0;661;26;86;76;86;96;85;70;72;36;28;0
1407;Chamusca;520;15;64;68;60;51;47;75;54;54;31;1;274;7;33;37;20;22;30;41;30;36;18;0;246;8;31;31;40;29;17;34;24;18;13;1
1409;Coruche;1107;28;127;97;117;93;118;103;144;174;105;1;483;14;43;42;47;31;51;37;66;92;60;0;624;14;84;55;70;62;67;66;78;82;45;1
1412;Golegã;268;13;40;36;29;31;39;29;25;21;5;0;131;6;23;17;10;13;17;14;13;15;3;0;137;7;17;19;19;18;22;15;12;6;2;0
1414;Rio Maior;1125;52;155;153;138;135;124;114;96;102;56;0;553;34;85;74;63;46;58;55;55;54;29;0;572;18;70;79;75;89;66;59;41;48;27;0
1415;Salvaterra de Magos;1764;61;152;154;198;217;213;224;225;197;122;1;837;36;82;83;98;95;91;103;94;94;60;1;927;25;70;71;100;122;122;121;131;103;62;0
1416;Santarém;3163;164;390;404;422;377;359;310;330;257;149;1;1688;87;208;210;205;187;176;175;189;166;85;0;1475;77;182;194;217;190;183;135;141;91;64;1
15;Algarve;34770;1525;4302;4228;4385;4399;4172;3964;3415;2750;1625;5;18294;865;2313;2112;2134;2198;2118;2100;1915;1575;963;1;16476;660;1989;2116;2251;2201;2054;1864;1500;1175;662;4
150;Algarve;34770;1525;4302;4228;4385;4399;4172;3964;3415;2750;1625;5;18294;865;2313;2112;2134;2198;2118;2100;1915;1575;963;1;16476;660;1989;2116;2251;2201;2054;1864;1500;1175;662;4
0801;Albufeira;3871;160;455;469;520;489;471;458;398;296;155;0;1840;96;243;209;223;216;209;197;203;164;80;0;2031;64;212;260;297;273;262;261;195;132;75;0
0802;Alcoutim;83;2;13;8;11;11;8;10;8;5;7;0;53;2;10;2;5;7;6;7;6;5;3;0;30;0;3;6;6;4;2;3;2;0;4;0
0803;Aljezur;274;11;40;41;34;29;30;30;25;25;9;0;145;5;22;21;16;18;13;17;15;12;6;0;129;6;18;20;18;11;17;13;10;13;3;0
0804;Castro Marim;494;21;60;60;39;60;65;65;58;46;20;0;279;12;34;26;23;30;39;39;32;31;13;0;215;9;26;34;16;30;26;26;26;15;7;0
0805;Faro;4362;185;568;583;566;545;500;471;403;327;214;0;2390;107;285;321;290;290;248;262;258;198;131;0;1972;78;283;262;276;255;252;209;145;129;83;0
0806;Lagoa;1943;80;270;199;227;220;210;237;207;183;110;0;1025;43;150;100;112;107;110;117;122;96;68;0;918;37;120;99;115;113;100;120;85;87;42;0
0807;Lagos;2364;95;320;271;295;302;291;278;239;191;81;1;1266;54;174;145;141;155;156;155;126;112;48;0;1098;41;146;126;154;147;135;123;113;79;33;1
0808;Loulé;5310;251;684;632;670;674;620;620;529;398;231;1;2715;135;362;299;313;325;292;321;296;233;139;0;2595;116;322;333;357;349;328;299;233;165;92;1
0809;Monchique;359;15;50;36;43;40;35;44;37;28;31;0;199;5;27;15;20;26;18;29;24;19;16;0;160;10;23;21;23;14;17;15;13;9;15;0
0810;Olhão;3750;213;459;479;480;513;468;375;329;273;160;1;2026;115;245;240;259;266;248;211;188;161;93;0;1724;98;214;239;221;247;220;164;141;112;67;1
0811;Portimão;4784;192;516;576;602;616;618;529;470;407;257;1;2460;109;292;278;289;300;306;280;246;218;142;0;2324;83;224;298;313;316;312;249;224;189;115;1
0812;São Brás de Alportel;613;20;83;80;59;85;81;65;52;56;32;0;361;14;52;47;25;46;50;37;30;39;21;0;252;6;31;33;34;39;31;28;22;17;11;0
0813;Silves;2727;138;275;303;377;323;328;344;274;234;131;0;1427;86;146;151;175;147;170;179;162;132;79;0;1300;52;129;152;202;176;158;165;112;102;52;0
0814;Tavira;1800;59;240;213;210;215;226;205;185;141;106;0;1014;37;129;120;116;108;122;123;95;85;79;0;786;22;111;93;94;107;104;82;90;56;27;0
0815;Vila do Bispo;260;9;37;31;34;28;25;38;22;23;13;0;133;4;17;17;19;16;17;18;8;12;5;0;127;5;20;14;15;12;8;20;14;11;8;0
0816;Vila Real de Santo António;1776;74;232;247;218;249;196;195;179;117;68;1;961;41;125;121;108;141;114;108;104;58;40;1;815;33;107;126;110;108;82;87;75;59;28;0
2;Região Autónoma dos Açores;12793;1283;2741;2201;1683;1438;1139;1027;729;407;142;3;7194;700;1392;1204;931;803;674;618;479;290;102;1;5599;583;1349;997;752;635;465;409;250;117;40;2
20;Região Autónoma dos Açores;12793;1283;2741;2201;1683;1438;1139;1027;729;407;142;3;7194;700;1392;1204;931;803;674;618;479;290;102;1;5599;583;1349;997;752;635;465;409;250;117;40;2
200;Região Autónoma dos Açores  ;12793;1283;2741;2201;1683;1438;1139;1027;729;407;142;3;7194;700;1392;1204;931;803;674;618;479;290;102;1;5599;583;1349;997;752;635;465;409;250;117;40;2
4101;Vila do Porto;219;19;37;46;33;22;24;16;13;9;0;0;106;14;10;22;17;11;13;6;8;5;0;0;113;5;27;24;16;11;11;10;5;4;0;0
4201;Lagoa (R.A.A.);904;103;206;163;120;110;62;71;39;22;8;0;572;64;129;91;76;58;44;51;32;20;7;0;332;39;77;72;44;52;18;20;7;2;1;0
4202;Nordeste;225;12;41;39;31;40;15;18;12;14;3;0;96;5;17;14;12;14;5;15;6;7;1;0;129;7;24;25;19;26;10;3;6;7;2;0
4203;Ponta Delgada;4009;412;853;671;519;482;375;328;211;127;30;1;2397;214;470;412;312;301;239;204;133;91;21;0;1612;198;383;259;207;181;136;124;78;36;9;1
4204;Povoação;390;30;71;62;57;49;42;43;21;12;3;0;196;17;36;23;26;24;20;23;13;11;3;0;194;13;35;39;31;25;22;20;8;1;0;0
4205;Ribeira Grande;2037;250;484;368;271;220;154;136;102;33;18;1;1152;142;220;213;138;128;102;91;80;25;12;1;885;108;264;155;133;92;52;45;22;8;6;0
4206;Vila Franca do Campo;707;50;158;116;98;92;67;53;40;22;11;0;423;24;84;53;57;53;44;43;35;20;10;0;284;26;74;63;41;39;23;10;5;2;1;0
4301;Angra do Heroísmo;1571;147;307;293;209;155;144;127;107;62;20;0;849;70;141;154;118;84;85;69;71;41;16;0;722;77;166;139;91;71;59;58;36;21;4;0
4302;Vila da Praia da Vitória;1023;109;231;164;112;94;89;88;70;42;23;1;521;68;103;86;61;38;44;44;39;22;16;0;502;41;128;78;51;56;45;44;31;20;7;1
4401;Santa Cruz da Graciosa;184;22;33;28;17;19;15;22;16;7;5;0;83;9;14;13;9;7;4;10;9;5;3;0;101;13;19;15;8;12;11;12;7;2;2;0
4501;Calheta (R.A.A.);103;5;22;12;11;16;12;13;6;5;1;0;49;3;8;8;4;11;5;5;3;2;0;0;54;2;14;4;7;5;7;8;3;3;1;0
4502;Velas;214;16;37;41;31;14;25;20;16;10;4;0;112;11;20;21;14;7;11;11;8;8;1;0;102;5;17;20;17;7;14;9;8;2;3;0
4601;Lajes do Pico;135;8;28;23;22;11;15;13;8;3;4;0;66;8;13;9;10;4;7;5;5;2;3;0;69;0;15;14;12;7;8;8;3;1;1;0
4602;Madalena;182;14;40;38;21;19;17;11;8;9;5;0;89;8;18;16;11;11;8;2;3;8;4;0;93;6;22;22;10;8;9;9;5;1;1;0
4603;São Roque do Pico;111;8;23;21;19;7;13;7;9;3;1;0;57;4;9;13;10;3;7;4;6;1;0;0;54;4;14;8;9;4;6;3;3;2;1;0
4701;Horta;641;64;145;101;89;71;56;52;38;19;6;0;350;34;82;47;45;40;27;30;24;16;5;0;291;30;63;54;44;31;29;22;14;3;1;0
4801;Lajes das Flores;36;3;9;7;3;3;2;2;5;2;0;0;15;1;7;2;2;1;1;0;0;1;0;0;21;2;2;5;1;2;1;2;5;1;0;0
4802;Santa Cruz das Flores;86;9;13;5;15;13;12;7;6;6;0;0;51;3;10;4;6;7;8;5;3;5;0;0;35;6;3;1;9;6;4;2;3;1;0;0
4901;Corvo;16;2;3;3;5;1;0;0;2;0;0;0;10;1;1;3;3;1;0;0;1;0;0;0;6;1;2;0;2;0;0;0;1;0;0;0
3;Região Autónoma da Madeira;18676;977;2978;2853;2471;2312;2136;2043;1563;952;387;4;11061;543;1585;1569;1469;1385;1297;1266;1025;647;271;4;7615;434;1393;1284;1002;927;839;777;538;305;116;0
30;Região Autónoma da Madeira;18676;977;2978;2853;2471;2312;2136;2043;1563;952;387;4;11061;543;1585;1569;1469;1385;1297;1266;1025;647;271;4;7615;434;1393;1284;1002;927;839;777;538;305;116;0
300;Região Autónoma da Madeira;18676;977;2978;2853;2471;2312;2136;2043;1563;952;387;4;11061;543;1585;1569;1469;1385;1297;1266;1025;647;271;4;7615;434;1393;1284;1002;927;839;777;538;305;116;0
3101;Calheta (R.A.M.);547;15;89;90;89;71;56;67;41;23;6;0;294;11;35;45;51;40;27;39;26;15;5;0;253;4;54;45;38;31;29;28;15;8;1;0
3102;Câmara de Lobos;2946;250;539;438;393;384;297;292;183;120;49;1;1901;126;289;273;262;272;206;202;135;97;38;1;1045;124;250;165;131;112;91;90;48;23;11;0
3103;Funchal;7822;365;1215;1249;944;925;886;886;718;436;196;2;4560;188;671;686;564;523;528;525;455;288;130;2;3262;177;544;563;380;402;358;361;263;148;66;0
3104;Machico;1684;65;246;220;221;224;200;205;172;97;33;1;1074;47;142;117;139;145;128;142;124;67;22;1;610;18;104;103;82;79;72;63;48;30;11;0
3105;Ponta do Sol;557;47;103;67;79;76;60;60;39;22;4;0;294;26;40;32;43;39;29;40;27;15;3;0;263;21;63;35;36;37;31;20;12;7;1;0
3106;Porto Moniz;122;4;16;16;18;7;19;14;14;11;3;0;74;2;6;8;10;6;13;10;10;7;2;0;48;2;10;8;8;1;6;4;4;4;1;0
3107;Ribeira Brava;734;44;111;107;120;97;94;62;60;29;10;0;445;26;56;62;72;59;57;37;44;23;9;0;289;18;55;45;48;38;37;25;16;6;1;0
3108;Santa Cruz;2994;139;464;445;446;377;376;301;245;146;55;0;1682;88;234;230;243;204;222;179;151;91;40;0;1312;51;230;215;203;173;154;122;94;55;15;0
3109;Santana;468;21;64;76;63;49;61;58;29;34;13;0;278;10;34;43;37;33;36;32;20;23;10;0;190;11;30;33;26;16;25;26;9;11;3;0
3110;São Vicente;251;11;44;46;26;13;32;37;21;15;6;0;164;7;32;24;15;9;22;25;15;11;4;0;87;4;12;22;11;4;10;12;6;4;2;0
3201;Porto Santo;551;16;87;99;72;89;55;61;41;19;12;0;295;12;46;49;33;55;29;35;18;10;8;0;256;4;41;50;39;34;26;26;23;9;4;0