Codigo;Local;HM;HM-15:19;HM-20:24;HM-25:29;HM-30:34;HM-35:39;HM-40:44;HM-45:49;HM-50:54;HM-55:59;HM-60:64;HM-65+;H;H-15:19;H-20:24;H-25:29;H-30:34;H-35:39;H-40:44;H-45:49;H-50:54;H-55:59;H-60:64;H-65+;M;M-15:19;M-20:24;M-25:29;M-30:34;M-35:39;M-40:44;M-45:49;M-50:54;M-55:59;M-60:64;M-65+
PT;Portugal;391517;9105;51578;48761;40776;40928;43735;44044;40671;40345;27528;4046;178942;5120;25743;23283;18002;16769;17917;18666;18161;19019;14110;2152;212575;3985;25835;25478;22774;24159;25818;25378;22510;21326;13418;1894
1;Continente;369937;8457;48340;45653;38177;38456;41374;41703;38611;38521;26691;3954;167879;4716;24073;21761;16727;15623;16779;17472;17079;17968;13592;2089;202058;3741;24267;23892;21450;22833;24595;24231;21532;20553;13099;1865
11;Norte;142245;3667;18110;16494;13671;13916;15104;16201;15740;16670;11182;1490;62135;1952;8616;7572;5715;5367;5846;6525;6596;7547;5599;800;80110;1715;9494;8922;7956;8549;9258;9676;9144;9123;5583;690
111;AltoMinho;5961;182;778;777;618;610;649;657;585;573;462;70;2764;101;387;389;256;248;284;288;251;280;238;42;3197;81;391;388;362;362;365;369;334;293;224;28
1601;ArcosdeValdevez;460;16;70;67;52;42;45;51;33;46;32;6;236;10;41;27;25;20;17;27;17;26;21;5;224;6;29;40;27;22;28;24;16;20;11;1
1602;Caminha;460;8;60;58;49;53;44;50;56;37;41;4;214;4;29;30;19;19;25;22;25;20;19;2;246;4;31;28;30;34;19;28;31;17;22;2
1603;Melgaço;117;6;20;18;9;7;15;17;11;4;6;4;54;2;7;11;4;2;6;8;5;2;4;3;63;4;13;7;5;5;9;9;6;2;2;1
1604;Monção;377;13;44;43;41;42;51;39;33;32;34;5;161;8;15;20;15;13;16;18;15;15;23;3;216;5;29;23;26;29;35;21;18;17;11;2
1605;ParedesdeCoura;204;5;24;24;17;25;17;23;20;20;24;5;101;3;15;12;5;11;6;12;12;9;12;4;103;2;9;12;12;14;11;11;8;11;12;1
1606;PontedaBarca;265;6;37;41;27;21;37;33;19;23;19;2;134;4;25;20;15;10;16;12;10;9;11;2;131;2;12;21;12;11;21;21;9;14;8;0
1607;PontedeLima;960;35;140;130;108;81;100;107;83;94;71;11;428;22;74;65;44;34;33;39;29;45;39;4;532;13;66;65;64;47;67;68;54;49;32;7
1608;Valença;457;17;56;53;54;53;52;55;44;38;32;3;204;6;22;27;25;20;18;24;23;20;18;1;253;11;34;26;29;33;34;31;21;18;14;2
1609;VianadoCastelo;2425;69;308;312;235;259;266;254;258;252;185;27;1123;37;152;160;96;111;133;114;99;123;82;16;1302;32;156;152;139;148;133;140;159;129;103;11
1610;VilaNovadeCerveira;236;7;19;31;26;27;22;28;28;27;18;3;109;5;7;17;8;8;14;12;16;11;9;2;127;2;12;14;18;19;8;16;12;16;9;1
112;Cávado;13696;355;1746;1676;1365;1437;1489;1514;1404;1430;1109;171;5845;201;773;733;528;543;559;601;609;641;561;96;7851;154;973;943;837;894;930;913;795;789;548;75
0301;Amares;585;10;83;72;60;70;61;73;54;43;48;11;239;3;38;26;20;30;19;26;24;20;28;5;346;7;45;46;40;40;42;47;30;23;20;6
0302;Barcelos;3094;107;408;368;289;266;317;311;344;335;294;55;1398;58;187;162;123;106;126;135;166;154;150;31;1696;49;221;206;166;160;191;176;178;181;144;24
0303;Braga;7453;160;880;930;773;832;816;863;777;789;558;75;3103;91;379;410;286;307;305;342;327;354;268;34;4350;69;501;520;487;525;511;521;450;435;290;41
0306;Esposende;896;16;117;110;88;80;114;107;84;92;79;9;376;8;49;53;38;33;44;36;28;40;39;8;520;8;68;57;50;47;70;71;56;52;40;1
0310;TerrasdeBouro;252;4;29;31;25;24;30;29;22;41;12;5;120;2;17;17;10;5;16;14;8;16;11;4;132;2;12;14;15;19;14;15;14;25;1;1
0313;VilaVerde;1416;58;229;165;130;165;151;131;123;130;118;16;609;39;103;65;51;62;49;48;56;57;65;14;807;19;126;100;79;103;102;83;67;73;53;2
119;Ave;15166;398;1879;1701;1286;1468;1583;1700;1735;2067;1200;149;6505;208;869;774;513;565;608;701;707;901;586;73;8661;190;1010;927;773;903;975;999;1028;1166;614;76
0304;CabeceirasdeBasto;574;16;104;81;60;66;60;51;51;53;23;9;242;7;54;35;17;20;20;20;28;27;10;4;332;9;50;46;43;46;40;31;23;26;13;5
0307;Fafe;1861;54;205;245;151;170;189;213;220;231;165;18;796;23;84;103;66;71;69;106;91;106;70;7;1065;31;121;142;85;99;120;107;129;125;95;11
0308;Guimarães;5824;138;672;634;493;571;610;661;702;870;425;48;2606;77;324;311;210;249;255;282;286;377;213;22;3218;61;348;323;283;322;355;379;416;493;212;26
1705;MondimdeBasto;225;3;34;33;16;16;27;21;28;25;18;4;108;3;23;11;8;3;8;8;15;13;13;3;117;0;11;22;8;13;19;13;13;12;5;1
0309;PóvoadeLanhoso;715;20;86;85;66;79;77;80;69;72;72;9;303;14;37;38;31;20;27;32;25;32;41;6;412;6;49;47;35;59;50;48;44;40;31;3
0311;VieiradoMinho;399;18;59;47;32;38;49;45;45;37;25;4;180;12;30;22;12;17;19;17;18;15;15;3;219;6;29;25;20;21;30;28;27;22;10;1
0312;VilaNovadeFamalicão;4718;130;631;489;384;445;477;543;521;650;400;48;1918;63;281;211;140;154;167;196;205;285;193;23;2800;67;350;278;244;291;310;347;316;365;207;25
0314;Vizela;850;19;88;87;84;83;94;86;99;129;72;9;352;9;36;43;29;31;43;40;39;46;31;5;498;10;52;44;55;52;51;46;60;83;41;4
11A;ÁreaMetropolitanadoPorto;80160;1926;9912;8996;7782;7827;8611;9266;9124;9714;6218;784;35701;1042;4860;4240;3405;3157;3416;3777;3883;4426;3078;417;44459;884;5052;4756;4377;4670;5195;5489;5241;5288;3140;367
0104;Arouca;456;17;64;65;59;45;37;49;31;53;29;7;192;11;20;28;25;14;9;24;12;32;13;4;264;6;44;37;34;31;28;25;19;21;16;3
0107;Espinho;1358;38;161;141;114;131;142;153;174;180;105;19;578;14;71;56;49;55;59;65;71;76;54;8;780;24;90;85;65;76;83;88;103;104;51;11
1304;Gondomar;8729;211;1165;978;853;827;869;1003;1009;1086;661;67;3953;119;595;452;366;356;340;414;418;509;341;43;4776;92;570;526;487;471;529;589;591;577;320;24
1306;Maia;5951;113;726;622;554;586;682;663;734;715;491;65;2620;67;368;319;238;219;259;260;302;304;250;34;3331;46;358;303;316;367;423;403;432;411;241;31
1308;Matosinhos;8274;160;1030;916;818;811;873;950;913;1000;716;87;3846;96;514;447;382;344;362;401;420;489;353;38;4428;64;516;469;436;467;511;549;493;511;363;49
0113;OliveiradeAzeméis;1993;82;277;188;191;195;192;231;211;256;146;24;840;44;115;90;78;71;71;91;83;109;74;14;1153;38;162;98;113;124;121;140;128;147;72;10
1310;Paredes;3693;145;509;366;305;369;430;431;397;414;295;32;1470;68;203;148;114;114;147;149;184;188;138;17;2223;77;306;218;191;255;283;282;213;226;157;15
1312;Porto;12426;216;1388;1659;1448;1297;1303;1373;1311;1407;908;116;5969;117;707;813;677;603;568;629;628;696;468;63;6457;99;681;846;771;694;735;744;683;711;440;53
1313;PóvoadeVarzim;2556;79;357;322;243;234;282;284;279;251;186;39;1131;38;180;153;104;89;109;128;123;103;79;25;1425;41;177;169;139;145;173;156;156;148;107;14
0109;SantaMariadaFeira;5169;141;627;568;455;450;541;536;609;739;458;45;2258;62;306;259;191;175;208;216;251;334;230;26;2911;79;321;309;264;275;333;320;358;405;228;19
1314;SantoTirso;2482;68;295;221;182;213;279;252;314;406;233;19;1043;41;135;115;80;78;102;95;125;157;105;10;1439;27;160;106;102;135;177;157;189;249;128;9
0116;SãoJoãodaMadeira;958;25;117;98;94;105;105;111;108;112;71;12;413;13;62;47;35;47;31;43;46;45;35;9;545;12;55;51;59;58;74;68;62;67;36;3
1318;Trofa;1534;44;180;162;131;137;159;185;163;216;137;20;541;17;85;57;43;32;64;61;39;79;56;8;993;27;95;105;88;105;95;124;124;137;81;12
0119;ValedeCambra;406;11;48;54;51;39;59;54;30;34;22;4;161;8;21;17;19;21;20;16;14;12;11;2;245;3;27;37;32;18;39;38;16;22;11;2
1315;Valongo;4711;112;609;497;421;494;550;623;519;523;320;43;1968;65;295;220;162;200;197;245;193;216;150;25;2743;47;314;277;259;294;353;378;326;307;170;18
1316;ViladoConde;3058;89;414;378;295;307;346;324;346;343;191;25;1296;53;201;171;107;109;145;119;127;143;104;17;1762;36;213;207;188;198;201;205;219;200;87;8
1317;VilaNovadeGaia;16406;375;1945;1761;1568;1587;1762;2044;1976;1979;1249;160;7422;209;982;848;735;630;725;821;847;934;617;74;8984;166;963;913;833;957;1037;1223;1129;1045;632;86
11B;AltoTâmega;2376;65;318;273;244;230;243;241;248;266;214;34;1116;35;154;130;107;100;99;116;111;133;115;16;1260;30;164;143;137;130;144;125;137;133;99;18
1702;Boticas;101;5;12;15;18;11;5;10;10;10;4;1;54;2;7;10;10;4;2;2;7;5;4;1;47;3;5;5;8;7;3;8;3;5;0;0
1703;Chaves;1212;28;156;153;114;116;129;126;113;134;124;19;564;16;81;80;55;54;50;53;47;57;62;9;648;12;75;73;59;62;79;73;66;77;62;10
1706;Montalegre;229;3;34;19;25;18;24;29;24;29;21;3;117;2;17;6;11;7;12;17;13;19;13;0;112;1;17;13;14;11;12;12;11;10;8;3
1709;RibeiradePena;171;6;20;22;20;19;21;16;14;16;14;3;69;3;8;9;5;5;7;10;4;10;6;2;102;3;12;13;15;14;14;6;10;6;8;1
1712;Valpaços;294;9;43;27;28;32;26;34;39;32;24;0;153;3;23;11;13;16;13;20;19;20;15;0;141;6;20;16;15;16;13;14;20;12;9;0
1713;VilaPoucadeAguiar;369;14;53;37;39;34;38;26;48;45;27;8;159;9;18;14;13;14;15;14;21;22;15;4;210;5;35;23;26;20;23;12;27;23;12;4
11C;TâmegaeSousa;15803;551;2222;1919;1483;1440;1528;1818;1705;1724;1246;167;5895;262;926;755;505;393;445;589;597;708;627;88;9908;289;1296;1164;978;1047;1083;1229;1108;1016;619;79
1301;Amarante;2203;64;316;285;204;191;245;265;266;198;148;21;741;33;130;97;66;58;55;62;83;76;70;11;1462;31;186;188;138;133;190;203;183;122;78;10
1302;Baião;658;21;90;83;69;74;76;76;55;58;47;9;197;6;30;24;16;16;12;18;22;21;24;8;461;15;60;59;53;58;64;58;33;37;23;1
0106;CastelodePaiva;494;19;86;45;48;38;35;54;59;70;36;4;183;10;38;23;19;9;15;12;14;21;20;2;311;9;48;22;29;29;20;42;45;49;16;2
0305;CeloricodeBasto;533;10;85;71;62;53;53;71;47;46;31;4;210;5;31;28;24;14;15;32;22;18;19;2;323;5;54;43;38;39;38;39;25;28;12;2
1804;Cinfães;670;34;105;72;59;55;71;84;56;69;57;8;250;15;39;23;16;13;19;26;19;35;39;6;420;19;66;49;43;42;52;58;37;34;18;2
1303;Felgueiras;2096;63;252;231;198;169;204;226;222;293;214;24;900;33;117;95;88;57;78;99;80;127;109;17;1196;30;135;136;110;112;126;127;142;166;105;7
1305;Lousada;1852;73;246;222;162;176;160;219;187;242;153;12;706;39;110;81;55;53;44;82;72;93;71;6;1146;34;136;141;107;123;116;137;115;149;82;6
1307;MarcodeCanaveses;2073;78;338;267;172;214;176;263;220;171;149;25;666;29;119;100;52;36;39;73;67;75;68;8;1407;49;219;167;120;178;137;190;153;96;81;17
1309;PaçosdeFerreira;2208;82;311;263;180;194;206;229;270;263;178;32;975;42;146;134;76;67;90;91;115;118;81;15;1233;40;165;129;104;127;116;138;155;145;97;17
1311;Penafiel;2673;94;347;339;289;244;267;286;293;284;207;23;918;41;145;131;79;61;64;81;91;105;109;11;1755;53;202;208;210;183;203;205;202;179;98;12
1813;Resende;343;13;46;41;40;32;35;45;30;30;26;5;149;9;21;19;14;9;14;13;12;19;17;2;194;4;25;22;26;23;21;32;18;11;9;3
11D;Douro;5904;142;863;706;577;592;619;646;628;595;473;63;2810;75;456;328;258;250;270;279;281;317;260;36;3094;67;407;378;319;342;349;367;347;278;213;27
1701;Alijó;334;8;56;29;29;33;42;42;33;37;23;2;184;6;32;19;16;14;22;20;17;21;16;1;150;2;24;10;13;19;20;22;16;16;7;1
1801;Armamar;201;10;33;23;14;24;13;17;22;29;13;3;96;5;19;8;5;12;6;6;11;16;5;3;105;5;14;15;9;12;7;11;11;13;8;0
0403;CarrazedadeAnsiães;189;5;21;20;20;22;18;15;25;25;18;0;99;4;12;10;6;15;8;6;15;14;9;0;90;1;9;10;14;7;10;9;10;11;9;0
0404;FreixodeEspadaàCinta;91;5;17;15;7;11;10;5;4;8;8;1;41;1;8;8;1;7;5;4;1;5;1;0;50;4;9;7;6;4;5;1;3;3;7;1
1805;Lamego;1059;25;124;104;114;107;103;135;128;122;82;15;481;13;66;46;54;47;46;51;49;53;49;7;578;12;58;58;60;60;57;84;79;69;33;8
1704;MesãoFrio;117;1;23;21;7;10;14;12;12;9;7;1;49;1;12;10;1;5;4;5;4;2;4;1;68;0;11;11;6;5;10;7;8;7;3;0
1807;MoimentadaBeira;278;7;50;33;27;35;22;34;24;26;17;3;121;3;27;12;12;13;8;13;11;11;10;1;157;4;23;21;15;22;14;21;13;15;7;2
1707;Murça;147;5;16;15;17;14;10;15;13;22;18;2;70;3;8;7;9;6;5;6;4;12;8;2;77;2;8;8;8;8;5;9;9;10;10;0
1812;Penedono;59;1;14;9;3;4;4;9;4;5;6;0;24;0;6;7;2;0;1;2;2;2;2;0;35;1;8;2;1;4;3;7;2;3;4;0
1708;PesodaRégua;576;18;102;77;51;59;58;56;50;52;47;6;283;10;59;38;23;18;30;22;23;32;22;6;293;8;43;39;28;41;28;34;27;20;25;0
1710;Sabrosa;148;0;27;22;13;17;13;19;12;16;7;2;61;0;11;8;4;4;6;9;8;9;1;1;87;0;16;14;9;13;7;10;4;7;6;1
1711;SantaMartadePenaguião;156;4;18;18;18;11;23;20;16;12;15;1;89;3;10;9;12;2;13;10;11;8;10;1;67;1;8;9;6;9;10;10;5;4;5;0
1815;SãoJoãodaPesqueira;162;5;34;23;19;17;14;15;14;8;11;2;62;1;15;9;5;4;6;10;3;1;7;1;100;4;19;14;14;13;8;5;11;7;4;1
1818;Sernancelhe;100;5;20;8;16;6;14;5;8;9;8;1;48;3;10;5;7;2;6;3;3;2;6;1;52;2;10;3;9;4;8;2;5;7;2;0
1819;Tabuaço;136;4;21;19;11;14;18;14;12;17;4;2;58;2;9;11;5;3;4;6;7;7;2;2;78;2;12;8;6;11;14;8;5;10;2;0
1820;Tarouca;248;6;45;31;26;19;17;20;34;28;22;0;118;4;22;13;10;11;6;5;13;20;14;0;130;2;23;18;16;8;11;15;21;8;8;0
0409;TorredeMoncorvo;164;2;23;24;21;9;19;10;16;15;21;4;69;2;15;9;9;2;7;4;4;8;8;1;95;0;8;15;12;7;12;6;12;7;13;3
0914;VilaNovadeFozCôa;160;3;19;24;17;9;20;22;20;10;12;4;71;1;17;11;6;6;7;7;4;4;6;2;89;2;2;13;11;3;13;15;16;6;6;2
1714;VilaReal;1579;28;200;191;147;171;187;181;181;145;134;14;786;13;98;88;71;79;80;90;91;90;80;6;793;15;102;103;76;92;107;91;90;55;54;8
11E;TerrasdeTrás-os-Montes;3179;48;392;446;316;312;382;359;311;301;260;52;1499;28;191;223;143;111;165;174;157;141;134;32;1680;20;201;223;173;201;217;185;154;160;126;20
0401;AlfândegadaFé;155;4;21;22;15;8;18;16;14;18;16;3;72;4;11;10;7;3;8;6;7;4;9;3;83;0;10;12;8;5;10;10;7;14;7;0
0402;Bragança;983;11;127;164;101;95;133;115;88;71;63;15;465;3;66;75;45;37;58;55;44;41;34;7;518;8;61;89;56;58;75;60;44;30;29;8
0405;MacedodeCavaleiros;404;10;53;63;46;43;49;39;30;34;30;7;194;8;27;33;24;13;26;15;11;15;18;4;210;2;26;30;22;30;23;24;19;19;12;3
0406;MirandadoDouro;139;1;26;21;9;12;18;13;16;12;9;2;83;1;18;13;5;7;10;6;10;7;5;1;56;0;8;8;4;5;8;7;6;5;4;1
0407;Mirandela;798;11;91;86;71;89;94;97;85;85;76;13;367;6;38;48;31;29;39;52;40;40;35;9;431;5;53;38;40;60;55;45;45;45;41;4
0408;Mogadouro;241;3;16;31;32;24;26;20;29;32;25;3;112;1;8;15;15;11;9;10;17;12;12;2;129;2;8;16;17;13;17;10;12;20;13;1
0410;VilaFlor;209;3;25;32;16;15;22;34;30;16;11;5;86;2;9;15;4;4;3;18;17;6;4;4;123;1;16;17;12;11;19;16;13;10;7;1
0411;Vimioso;84;0;13;17;10;4;6;8;5;9;10;2;41;0;4;9;7;0;4;4;2;5;5;1;43;0;9;8;3;4;2;4;3;4;5;1
0412;Vinhais;166;5;20;10;16;22;16;17;14;24;20;2;79;3;10;5;5;7;8;8;9;11;12;1;87;2;10;5;11;15;8;9;5;13;8;1
16;Centro;59985;1408;7791;7356;5921;6314;6826;6745;6040;6154;4649;781;26695;825;3758;3391;2466;2396;2667;2673;2732;2942;2442;403;33290;583;4033;3965;3455;3918;4159;4072;3308;3212;2207;378
16B;Oeste;10766;283;1482;1321;1033;1154;1311;1236;1074;989;752;131;4746;156;752;616;446;455;488;460;466;465;367;75;6020;127;730;705;587;699;823;776;608;524;385;56
1001;Alcobaça;1298;25;192;156;123;123;141;146;131;135;111;15;567;11;79;75;58;50;53;56;57;64;53;11;731;14;113;81;65;73;88;90;74;71;58;4
1101;Alenquer;1553;42;208;178;172;185;219;177;143;118;100;11;651;23;110;82;64;63;77;63;53;54;54;8;902;19;98;96;108;122;142;114;90;64;46;3
1102;ArrudadosVinhos;364;6;48;45;31;37;51;53;39;29;22;3;158;3;26;17;9;10;19;24;18;16;13;3;206;3;22;28;22;27;32;29;21;13;9;0
1005;Bombarral;385;10;52;56;39;41;52;34;27;42;25;7;170;7;23;23;22;15;18;8;15;24;12;3;215;3;29;33;17;26;34;26;12;18;13;4
1104;Cadaval;359;11;49;46;31;46;36;49;31;33;24;3;147;8;28;24;9;16;11;18;12;8;10;3;212;3;21;22;22;30;25;31;19;25;14;0
1006;CaldasdaRainha;1716;35;223;240;147;155;203;204;195;167;123;24;766;18;124;120;76;59;74;72;82;78;56;7;950;17;99;120;71;96;129;132;113;89;67;17
1108;Lourinhã;725;19;106;74;66;88;95;86;59;74;48;10;328;14;48;34;31;32;31;38;34;36;22;8;397;5;58;40;35;56;64;48;25;38;26;2
1011;Nazaré;522;19;58;68;47;55;71;42;69;49;35;9;235;11;34;29;19;28;27;16;24;24;17;6;287;8;24;39;28;27;44;26;45;25;18;3
1012;Óbidos;313;8;47;29;29;35;36;31;44;29;23;2;147;7;26;17;14;16;12;6;19;16;12;2;166;1;21;12;15;19;24;25;25;13;11;0
1014;Peniche;812;23;114;103;94;92;93;86;62;75;58;12;363;15;61;51;40;40;35;35;27;28;25;6;449;8;53;52;54;52;58;51;35;47;33;6
1112;SobraldeMonteAgraço;252;13;29;40;28;20;37;24;29;17;12;3;108;7;16;12;11;6;14;8;16;10;6;2;144;6;13;28;17;14;23;16;13;7;6;1
1113;TorresVedras;2467;72;356;286;226;277;277;304;245;221;171;32;1106;32;177;132;93;120;117;116;109;107;87;16;1361;40;179;154;133;157;160;188;136;114;84;16
16D;RegiãodeAveiro;9814;256;1213;1170;945;1004;1088;1123;1002;1105;770;138;4342;139;578;529;372;370;446;473;444;514;411;66;5472;117;635;641;573;634;642;650;558;591;359;72
0101;Águeda;1011;18;117;126;94;100;117;95;121;122;86;15;425;11;53;53;36;37;49;37;47;53;41;8;586;7;64;73;58;63;68;58;74;69;45;7
0102;Albergaria-a-Velha;595;22;70;76;57;67;76;64;54;56;46;7;250;12;38;30;21;22;28;32;21;29;15;2;345;10;32;46;36;45;48;32;33;27;31;5
0103;Anadia;541;7;75;56;50;41;75;70;44;67;43;13;251;4;36;28;24;14;29;28;23;35;25;5;290;3;39;28;26;27;46;42;21;32;18;8
0105;Aveiro;2336;61;258;298;231;268;261;272;233;249;177;28;1047;33;124;128;95;102;105;114;111;117;101;17;1289;28;134;170;136;166;156;158;122;132;76;11
0108;Estarreja;763;27;107;95;70;78;65;83;76;83;69;10;355;16;50;50;26;26;29;37;36;38;43;4;408;11;57;45;44;52;36;46;40;45;26;6
0110;Ílhavo;1211;29;156;146;124;120;138;144;109;128;93;24;547;14;79;81;55;37;64;53;48;61;44;11;664;15;77;65;69;83;74;91;61;67;49;13
0112;Murtosa;232;3;28;41;26;23;25;26;23;23;13;1;96;2;10;17;11;8;7;9;10;13;9;0;136;1;18;24;15;15;18;17;13;10;4;1
0114;OliveiradoBairro;513;18;68;55;47;46;60;56;61;58;38;6;221;11;26;24;13;21;23;29;28;26;19;1;292;7;42;31;34;25;37;27;33;32;19;5
0115;Ovar;1902;59;243;184;168;181;204;235;201;258;142;27;840;31;122;80;63;71;83;101;84;113;77;15;1062;28;121;104;105;110;121;134;117;145;65;12
0117;SeverdoVouga;166;3;21;19;15;18;17;17;18;17;19;2;74;2;5;8;7;6;5;8;10;9;14;0;92;1;16;11;8;12;12;9;8;8;5;2
0118;Vagos;544;9;70;74;63;62;50;61;62;44;44;5;236;3;35;30;21;26;24;25;26;20;23;3;308;6;35;44;42;36;26;36;36;24;21;2
16E;RegiãodeCoimbra;11681;224;1489;1553;1226;1245;1322;1237;1147;1174;911;153;5469;146;739;731;535;498;555;507;568;597;512;81;6212;78;750;822;691;747;767;730;579;577;399;72
0601;Arganil;225;9;25;33;16;20;24;17;26;29;22;4;105;6;10;12;6;7;11;7;16;13;16;1;120;3;15;21;10;13;13;10;10;16;6;3
0602;Cantanhede;780;13;122;77;86;84;97;88;66;70;60;17;367;8;60;42;41;27;39;41;38;31;28;12;413;5;62;35;45;57;58;47;28;39;32;5
0603;Coimbra;4237;56;506;619;451;460;472;464;418;442;313;36;2074;34;251;287;208;203;222;211;211;246;180;21;2163;22;255;332;243;257;250;253;207;196;133;15
0604;Condeixa-a-Nova;358;7;48;44;32;39;45;44;41;36;19;3;156;4;29;17;13;12;16;20;16;20;7;2;202;3;19;27;19;27;29;24;25;16;12;1
0605;FigueiradaFoz;2079;41;239;269;223;229;231;227;213;197;174;36;936;25;117;131;97;91;85;91;99;90;91;19;1143;16;122;138;126;138;146;136;114;107;83;17
0606;Góis;80;5;12;7;6;11;10;7;4;8;10;0;35;1;7;3;4;3;3;3;1;4;6;0;45;4;5;4;2;8;7;4;3;4;4;0
0607;Lousã;516;9;69;65;70;55;66;62;45;45;27;3;216;7;37;25;26;21;24;20;17;21;15;3;300;2;32;40;44;34;42;42;28;24;12;0
0111;Mealhada;440;13;52;63;39;49;37;41;52;52;38;4;203;8;28;26;19;21;14;11;27;29;19;1;237;5;24;37;20;28;23;30;25;23;19;3
0608;Mira;298;8;34;41;33;25;39;25;25;30;29;9;145;7;23;15;12;13;19;9;11;16;15;5;153;1;11;26;21;12;20;16;14;14;14;4
0609;MirandadoCorvo;289;12;46;37;34;29;23;31;23;34;16;4;141;9;24;19;16;13;9;11;9;19;10;2;148;3;22;18;18;16;14;20;14;15;6;2
0610;Montemor-o-Velho;598;10;87;69;72;73;74;63;52;48;44;6;253;7;42;37;24;23;30;21;25;17;24;3;345;3;45;32;48;50;44;42;27;31;20;3
1808;Mortágua;151;3;20;21;15;18;13;18;13;13;17;0;60;1;4;6;7;7;5;6;7;7;10;0;91;2;16;15;8;11;8;12;6;6;7;0
0611;OliveiradoHospital;479;16;72;64;40;56;56;36;51;51;32;5;248;14;37;38;19;20;24;12;35;24;21;4;231;2;35;26;21;36;32;24;16;27;11;1
0612;PampilhosadaSerra;49;5;4;4;4;4;4;3;8;5;7;1;32;5;2;3;1;4;3;2;6;2;3;1;17;0;2;1;3;0;1;1;2;3;4;0
0613;Penacova;214;2;30;35;21;16;28;24;20;18;16;4;85;0;10;15;5;6;11;4;8;11;13;2;129;2;20;20;16;10;17;20;12;7;3;2
0614;Penela;98;5;16;12;13;9;4;11;9;8;9;2;48;3;9;9;5;1;1;6;4;4;6;0;50;2;7;3;8;8;3;5;5;4;3;2
0615;Soure;363;7;47;45;26;24;44;41;40;35;41;13;164;5;23;23;11;10;16;17;21;11;23;4;199;2;24;22;15;14;28;24;19;24;18;9
0616;Tábua;255;2;31;28;33;26;36;20;25;30;21;3;120;1;11;13;18;10;18;8;9;16;15;1;135;1;20;15;15;16;18;12;16;14;6;2
0617;VilaNovadePoiares;172;1;29;20;12;18;19;15;16;23;16;3;81;1;15;10;3;6;5;7;8;16;10;0;91;0;14;10;9;12;14;8;8;7;6;3
16F;RegiãodeLeiria;6774;165;926;841;659;711;756;780;712;643;487;94;2760;86;408;379;237;242;268;271;309;265;246;49;4014;79;518;462;422;469;488;509;403;378;241;45
1002;Alvaiázere;122;2;20;6;11;10;20;15;11;17;7;3;50;0;7;3;6;7;11;2;4;6;3;1;72;2;13;3;5;3;9;13;7;11;4;2
1003;Ansião;258;9;35;22;21;23;27;28;29;29;28;7;116;4;17;10;9;7;12;10;14;13;16;4;142;5;18;12;12;16;15;18;15;16;12;3
1004;Batalha;362;11;51;40;18;53;41;40;40;33;30;5;146;6;23;19;8;20;16;11;15;14;11;3;216;5;28;21;10;33;25;29;25;19;19;2
1007;CastanheiradePêra;72;2;13;10;5;6;6;7;7;8;5;3;35;1;7;3;2;1;5;2;4;5;3;2;37;1;6;7;3;5;1;5;3;3;2;1
1008;FigueiródosVinhos;132;8;14;18;16;12;11;15;10;8;17;3;63;6;5;10;3;5;4;7;6;5;10;2;69;2;9;8;13;7;7;8;4;3;7;1
1009;Leiria;3075;57;418;418;334;319;342;327;326;286;201;47;1214;30;185;181;116;114;113;117;133;104;100;21;1861;27;233;237;218;205;229;210;193;182;101;26
1010;MarinhaGrande;1183;32;139;142;111;134;140;165;132;110;69;9;502;18;65;72;44;36;56;61;60;53;32;5;681;14;74;70;67;98;84;104;72;57;37;4
1013;PedrógãoGrande;104;2;6;15;11;9;4;12;13;16;12;4;49;1;6;10;3;4;2;5;6;6;5;1;55;1;0;5;8;5;2;7;7;10;7;3
1015;Pombal;995;25;161;123;93;103;111;110;94;91;75;9;390;11;62;49;32;30;35;40;44;35;45;7;605;14;99;74;61;73;76;70;50;56;30;2
1016;PortodeMós;471;17;69;47;39;42;54;61;50;45;43;4;195;9;31;22;14;18;14;16;23;24;21;3;276;8;38;25;25;24;40;45;27;21;22;1
16G;ViseuDãoLafões;7617;182;1030;922;753;795;857;829;731;779;643;96;3282;112;476;405;295;285;316;318;318;373;338;46;4335;70;554;517;458;510;541;511;413;406;305;50
0901;AguiardaBeira;113;2;19;16;13;10;8;13;10;13;8;1;61;2;10;8;6;2;5;6;7;8;6;1;52;0;9;8;7;8;3;7;3;5;2;0
1802;CarregaldoSal;225;9;26;21;24;26;30;26;18;29;15;1;102;5;14;7;8;9;11;12;10;14;11;1;123;4;12;14;16;17;19;14;8;15;4;0
1803;CastroDaire;416;10;52;44;37;40;46;46;42;61;33;5;207;9;22;19;17;19;21;14;21;42;22;1;209;1;30;25;20;21;25;32;21;19;11;4
1806;Mangualde;602;15;81;69;55;47;69;58;83;68;50;7;262;7;37;32;25;15;25;27;40;27;23;4;340;8;44;37;30;32;44;31;43;41;27;3
1809;Nelas;364;7;41;34;28;38;43;41;45;32;51;4;154;6;16;12;8;12;16;19;20;14;29;2;210;1;25;22;20;26;27;22;25;18;22;2
1810;OliveiradeFrades;304;12;38;29;27;43;25;38;28;31;30;3;120;6;16;15;12;14;7;8;12;13;15;2;184;6;22;14;15;29;18;30;16;18;15;1
1811;PenalvadoCastelo;200;3;26;20;16;28;21;15;25;26;16;4;82;2;11;11;5;9;7;7;4;13;11;2;118;1;15;9;11;19;14;8;21;13;5;2
1814;SantaCombaDão;252;7;23;23;22;36;30;35;17;28;25;6;109;2;15;9;10;14;9;13;5;12;16;4;143;5;8;14;12;22;21;22;12;16;9;2
1816;SãoPedrodoSul;551;12;75;81;50;60;60;53;47;60;47;6;226;6;36;36;25;17;31;15;12;24;22;2;325;6;39;45;25;43;29;38;35;36;25;4
1817;Sátão;298;4;55;42;27;32;26;20;26;30;31;5;131;3;30;23;13;10;4;6;9;15;15;3;167;1;25;19;14;22;22;14;17;15;16;2
1821;Tondela;607;21;75;73;58;65;51;64;50;76;63;11;261;15;38;29;19;27;21;27;19;31;28;7;346;6;37;44;39;38;30;37;31;45;35;4
1822;VilaNovadePaiva;152;0;17;30;11;11;17;18;14;15;15;4;77;0;10;14;5;8;6;10;6;8;8;2;75;0;7;16;6;3;11;8;8;7;7;2
1823;Viseu;3219;72;460;410;348;338;392;364;290;284;224;37;1372;46;206;179;132;120;140;144;136;138;117;14;1847;26;254;231;216;218;252;220;154;146;107;23
1824;Vouzela;314;8;42;30;37;21;39;38;36;26;35;2;118;3;15;11;10;9;13;10;17;14;15;1;196;5;27;19;27;12;26;28;19;12;20;1
16H;BeiraBaixa;1870;41;222;194;180;185;232;212;187;214;181;22;865;31;108;99;73;75;84;82;83;113;103;14;1005;10;114;95;107;110;148;130;104;101;78;8
0502;CasteloBranco;1300;29;152;142;119;124;169;163;125;143;118;16;582;24;75;66;47;47;56;64;54;70;69;10;718;5;77;76;72;77;113;99;71;73;49;6
0505;Idanha-a-Nova;183;4;16;17;23;23;16;22;20;19;22;1;98;2;8;10;10;13;9;10;7;14;14;1;85;2;8;7;13;10;7;12;13;5;8;0
0506;Oleiros;53;3;10;6;5;4;10;1;3;8;3;0;22;2;4;3;2;0;3;1;0;6;1;0;31;1;6;3;3;4;7;0;3;2;2;0
0507;Penamacor;112;0;8;12;10;10;12;12;17;18;11;2;58;0;1;8;4;6;7;4;10;10;6;2;54;0;7;4;6;4;5;8;7;8;5;0
0508;Proença-a-Nova;154;2;21;14;16;17;20;10;14;14;24;2;71;1;11;10;7;6;7;2;7;7;13;0;83;1;10;4;9;11;13;8;7;7;11;2
0511;VilaVelhadeRódão;68;3;15;3;7;7;5;4;8;12;3;1;34;2;9;2;3;3;2;1;5;6;0;1;34;1;6;1;4;4;3;3;3;6;3;0
16I;MédioTejo;5667;144;754;687;570;629;625;657;578;565;385;73;2486;89;345;305;236;236;256;269;254;267;190;39;3181;55;409;382;334;393;369;388;324;298;195;34
1401;Abrantes;1062;27;128;125;90;104;113;132;108;131;84;20;522;18;60;65;40;39;61;55;56;71;48;9;540;9;68;60;50;65;52;77;52;60;36;11
1402;Alcanena;238;5;27;34;19;27;28;27;23;33;11;4;98;1;11;16;7;11;16;8;7;11;8;2;140;4;16;18;12;16;12;19;16;22;3;2
1408;Constância;85;1;16;11;12;9;9;8;10;6;3;0;35;1;7;7;6;3;1;2;3;4;1;0;50;0;9;4;6;6;8;6;7;2;2;0
1410;Entroncamento;600;24;94;78;65;76;77;62;49;44;26;5;236;15;47;26;23;30;23;28;19;14;10;1;364;9;47;52;42;46;54;34;30;30;16;4
1411;FerreiradoZêzere;134;3;13;15;15;22;19;15;16;8;7;1;53;1;7;10;6;3;7;6;5;5;2;1;81;2;6;5;9;19;12;9;11;3;5;0
1413;Mação;131;1;23;12;12;9;15;15;14;19;7;4;75;1;12;9;5;1;5;8;11;15;5;3;56;0;11;3;7;8;10;7;3;4;2;1
1421;Ourém;949;25;143;115;92;118;107;94;100;72;68;15;350;13;50;47;36;34;41;32;39;21;31;6;599;12;93;68;56;84;66;62;61;51;37;9
1417;Sardoal;88;1;10;11;10;11;6;15;9;11;4;0;39;1;7;7;3;5;2;5;4;4;1;0;49;0;3;4;7;6;4;10;5;7;3;0
0509;Sertã;326;7;46;38;38;27;28;32;38;33;36;3;131;3;20;12;12;9;13;14;10;15;20;3;195;4;26;26;26;18;15;18;28;18;16;0
1418;Tomar;974;18;107;115;104;108;102;126;110;99;73;12;460;12;49;48;51;54;38;58;48;58;34;10;514;6;58;67;53;54;64;68;62;41;39;2
1419;TorresNovas;828;21;111;99;79;86;97;100;82;92;56;5;360;15;53;40;32;31;36;41;43;40;27;2;468;6;58;59;47;55;61;59;39;52;29;3
0510;ViladeRei;56;1;6;6;7;7;6;7;4;8;3;1;31;1;5;2;4;5;3;3;3;4;1;0;25;0;1;4;3;2;3;4;1;4;2;1
1420;VilaNovadaBarquinha;196;10;30;28;27;25;18;24;15;9;7;3;96;7;17;16;11;11;10;9;6;5;2;2;100;3;13;12;16;14;8;15;9;4;5;1
16J;BeiraseSerradaEstrela;5796;113;675;668;555;591;635;671;609;685;520;74;2745;66;352;327;272;235;254;293;290;348;275;33;3051;47;323;341;283;356;381;378;319;337;245;41
0902;Almeida;132;4;19;19;17;6;7;13;17;12;17;1;67;0;11;13;7;2;5;5;9;5;9;1;65;4;8;6;10;4;2;8;8;7;8;0
0501;Belmonte;217;3;19;15;14;23;24;37;33;28;19;2;104;1;10;10;7;11;10;16;11;17;11;0;113;2;9;5;7;12;14;21;22;11;8;2
0903;CeloricodaBeira;199;4;34;19;21;19;22;21;13;20;24;2;87;1;18;8;10;8;7;10;7;9;8;1;112;3;16;11;11;11;15;11;6;11;16;1
0503;Covilhã;1510;31;155;177;146;163;165;188;163;179;127;16;742;23;84;84;74;69;69;85;79;93;75;7;768;8;71;93;72;94;96;103;84;86;52;9
0904;FigueiradeCasteloRodrigo;161;6;29;25;23;14;8;18;11;15;11;1;76;3;15;10;12;8;4;4;5;7;8;0;85;3;14;15;11;6;4;14;6;8;3;1
0905;FornosdeAlgodres;111;3;12;14;11;12;10;12;12;16;6;3;42;1;4;6;8;3;5;3;3;4;4;1;69;2;8;8;3;9;5;9;9;12;2;2
0504;Fundão;693;12;88;68;66;76;85;74;59;92;61;12;328;8;47;33;31;26;35;36;28;43;32;9;365;4;41;35;35;50;50;38;31;49;29;3
0906;Gouveia;296;5;42;40;25;28;40;40;25;26;23;2;149;4;16;21;12;14;15;21;18;15;12;1;147;1;26;19;13;14;25;19;7;11;11;1
0907;Guarda;1209;25;132;148;101;128;140;139;119;143;119;15;541;16;72;71;47;45;51;57;50;72;55;5;668;9;60;77;54;83;89;82;69;71;64;10
0908;Manteigas;99;1;8;9;9;10;13;12;10;13;12;2;47;1;3;4;3;2;9;5;5;7;7;1;52;0;5;5;6;8;4;7;5;6;5;1
0909;Mêda;95;2;11;14;10;9;16;11;6;11;5;0;43;0;7;11;6;2;4;1;3;6;3;0;52;2;4;3;4;7;12;10;3;5;2;0
0910;Pinhel;169;2;21;17;18;13;18;12;19;24;23;2;62;1;12;4;9;7;2;3;6;9;8;1;107;1;9;13;9;6;16;9;13;15;15;1
0911;Sabugal;213;2;28;29;18;16;22;23;33;19;19;4;110;0;13;14;8;9;14;13;14;11;13;1;103;2;15;15;10;7;8;10;19;8;6;3
0912;Seia;520;8;53;53;61;52;44;55;70;73;43;8;278;3;32;30;33;25;17;28;40;44;24;2;242;5;21;23;28;27;27;27;30;29;19;6
0913;Trancoso;172;5;24;21;15;22;21;16;19;14;11;4;69;4;8;8;5;4;7;6;12;6;6;3;103;1;16;13;10;18;14;10;7;8;5;1
17;ÁreaMetropolitanadeLisboa;120894;2279;16229;16030;13496;13215;14086;13483;12049;11241;7635;1151;57096;1280;8362;7878;6214;5728;6029;5986;5680;5421;3894;624;63798;999;7867;8152;7282;7487;8057;7497;6369;5820;3741;527
170;ÁreaMetropolitanadeLisboa;120894;2279;16229;16030;13496;13215;14086;13483;12049;11241;7635;1151;57096;1280;8362;7878;6214;5728;6029;5986;5680;5421;3894;624;63798;999;7867;8152;7282;7487;8057;7497;6369;5820;3741;527
1502;Alcochete;707;25;96;83;66;60;98;84;70;67;47;11;355;13;56;42;29;35;38;40;35;34;26;7;352;12;40;41;37;25;60;44;35;33;21;4
1503;Almada;8217;158;1123;1131;911;868;927;938;767;767;547;80;3889;86;585;547;403;381;392;430;376;361;279;49;4328;72;538;584;508;487;535;508;391;406;268;31
1115;Amadora;8204;163;1141;1238;1019;941;878;819;722;737;473;73;3757;94;543;557;462;392;374;375;348;339;235;38;4447;69;598;681;557;549;504;444;374;398;238;35
1504;Barreiro;3639;81;483;500;391;393;430;415;337;327;236;46;1699;43;216;225;168;178;174;188;172;177;137;21;1940;38;267;275;223;215;256;227;165;150;99;25
1105;Cascais;8129;130;937;947;782;805;906;1016;929;888;674;115;3919;75;533;489;382;361;371;455;421;422;341;69;4210;55;404;458;400;444;535;561;508;466;333;46
1106;Lisboa;22111;349;2590;3017;2889;2568;2586;2325;2214;2046;1316;211;11437;199;1424;1558;1491;1271;1242;1160;1156;1075;728;133;10674;150;1166;1459;1398;1297;1344;1165;1058;971;588;78
1107;Loures;8772;186;1192;1167;1010;973;1042;987;789;792;555;79;4013;101;602;566;459;402;425;411;372;377;257;41;4759;85;590;601;551;571;617;576;417;415;298;38
1109;Mafra;2682;52;336;305;239;296;370;371;282;243;163;25;1230;21;163;150;112;116;142;145;144;129;96;12;1452;31;173;155;127;180;228;226;138;114;67;13
1506;Moita;3623;77;501;449;403;415;432;406;354;322;224;40;1674;43;237;218;168;156;189;170;176;168;121;28;1949;34;264;231;235;259;243;236;178;154;103;12
1507;Montijo;2531;62;334;316;271;299;306;307;255;212;144;25;1170;38;173;153;117;125;126;131;127;95;70;15;1361;24;161;163;154;174;180;176;128;117;74;10
1116;Odivelas;6029;103;847;767;702;698;746;679;584;510;342;51;2836;61;445;376;329;305;325;291;264;241;177;22;3193;42;402;391;373;393;421;388;320;269;165;29
1110;Oeiras;5991;69;706;755;570;618;708;716;677;638;482;52;2911;43;386;385;265;296;326;326;301;318;239;26;3080;26;320;370;305;322;382;390;376;320;243;26
1508;Palmela;2602;51;346;323;241;268;325;333;263;250;188;14;1213;27;181;151;104;112;133;142;140;113;101;9;1389;24;165;172;137;156;192;191;123;137;87;5
1510;Seixal;7305;121;1047;1011;763;814;858;782;724;652;451;82;3310;67;525;497;339;317;368;348;320;277;212;40;3995;54;522;514;424;497;490;434;404;375;239;42
1511;Sesimbra;1996;34;303;246;191;235;232;228;221;183;111;12;898;24;143;128;92;94;83;89;100;83;53;9;1098;10;160;118;99;141;149;139;121;100;58;3
1512;Setúbal;5154;107;739;685;532;513;661;574;521;442;334;46;2454;62;382;362;232;224;280;261;244;213;171;23;2700;45;357;323;300;289;381;313;277;229;163;23
1111;Sintra;17736;393;2655;2388;1934;1850;1930;1905;1833;1652;1051;145;7833;215;1327;1128;796;711;788;773;767;755;507;66;9903;178;1328;1260;1138;1139;1142;1132;1066;897;544;79
1114;VilaFrancadeXira;5466;118;853;702;582;601;651;598;507;513;297;44;2498;68;441;346;266;252;253;251;217;244;144;16;2968;50;412;356;316;349;398;347;290;269;153;28
18;Alentejo;21646;577;2966;2561;2192;2230;2475;2358;2213;2160;1650;264;10290;346;1579;1267;1003;964;1016;1040;1012;1057;871;135;11356;231;1387;1294;1189;1266;1459;1318;1201;1103;779;129
181;AlentejoLitoral;2793;66;341;328;261;323;334;307;272;274;240;47;1380;41;180;169;131;148;136;137;143;134;130;31;1413;25;161;159;130;175;198;170;129;140;110;16
1501;AlcácerdoSal;252;10;47;24;23;27;27;28;23;14;25;4;110;4;18;10;9;12;10;11;11;5;16;4;142;6;29;14;14;15;17;17;12;9;9;0
1505;Grândola;386;10;55;49;41;44;48;38;26;36;31;8;196;6;30;19;25;26;15;17;14;21;18;5;190;4;25;30;16;18;33;21;12;15;13;3
0211;Odemira;771;15;89;110;66;97;75;82;72;84;75;6;369;12;45;67;40;41;31;31;28;36;34;4;402;3;44;43;26;56;44;51;44;48;41;2
1509;SantiagodoCacém;826;17;96;83;86;91;107;101;83;83;65;14;434;11;56;41;37;41;51;54;52;43;40;8;392;6;40;42;49;50;56;47;31;40;25;6
1513;Sines;558;14;54;62;45;64;77;58;68;57;44;15;271;8;31;32;20;28;29;24;38;29;22;10;287;6;23;30;25;36;48;34;30;28;22;5
184;BaixoAlentejo;4047;137;584;454;414;403;458;419;444;410;272;52;1963;83;316;209;183;182;202;182;215;205;156;30;2084;54;268;245;231;221;256;237;229;205;116;22
0201;Aljustrel;243;6;45;27;25;20;31;17;25;23;19;5;116;5;25;12;13;8;11;7;11;13;10;1;127;1;20;15;12;12;20;10;14;10;9;4
0202;Almodôvar;168;4;25;19;15;15;15;16;17;20;19;3;70;4;9;10;8;8;6;2;7;7;7;2;98;0;16;9;7;7;9;14;10;13;12;1
0203;Alvito;68;5;15;5;7;11;6;5;3;6;3;2;33;2;12;1;3;5;2;1;1;3;1;2;35;3;3;4;4;6;4;4;2;3;2;0
0204;Barrancos;58;3;7;6;2;9;4;7;10;8;2;0;20;0;4;3;1;1;1;2;5;3;0;0;38;3;3;3;1;8;3;5;5;5;2;0
0205;Beja;891;15;112;107;118;96;120;86;93;95;42;7;447;8;62;44;49;48;58;37;53;53;30;5;444;7;50;63;69;48;62;49;40;42;12;2
0206;CastroVerde;185;3;33;24;16;25;19;25;15;15;9;1;85;1;17;12;7;8;10;15;7;5;3;0;100;2;16;12;9;17;9;10;8;10;6;1
0207;Cuba;131;3;18;17;13;13;12;15;16;13;10;1;60;3;10;4;5;4;5;11;8;5;4;1;71;0;8;13;8;9;7;4;8;8;6;0
0208;FerreiradoAlentejo;265;10;31;28;33;23;34;31;22;27;24;2;120;6;14;15;12;14;14;12;9;10;13;1;145;4;17;13;21;9;20;19;13;17;11;1
0209;Mértola;159;1;19;12;16;21;14;18;18;22;16;2;85;0;10;6;5;8;7;10;8;16;13;2;74;1;9;6;11;13;7;8;10;6;3;0
0210;Moura;914;64;143;97;86;82;87;92;107;82;60;14;451;40;77;47;41;43;35;38;52;40;32;6;463;24;66;50;45;39;52;54;55;42;28;8
0212;Ourique;145;0;15;12;18;16;23;19;15;15;11;1;69;0;6;4;6;6;12;11;9;8;7;0;76;0;9;8;12;10;11;8;6;7;4;1
0213;Serpa;633;18;85;76;49;55;71;67;92;64;43;13;311;10;53;40;25;24;33;24;40;28;25;9;322;8;32;36;24;31;38;43;52;36;18;4
0214;Vidigueira;187;5;36;24;16;17;22;21;11;20;14;1;96;4;17;11;8;5;8;12;5;14;11;1;91;1;19;13;8;12;14;9;6;6;3;0
021401;Pedrógão;56;3;11;7;4;2;8;5;2;6;7;1;36;2;6;4;3;1;4;4;0;5;6;1;20;1;5;3;1;1;4;1;2;1;1;0
021402;Selmes;23;0;6;1;2;2;2;1;3;5;1;0;8;0;0;0;2;0;0;1;1;3;1;0;15;0;6;1;0;2;2;0;2;2;0;0
021403;Vidigueira;75;2;15;13;6;9;9;9;6;5;1;0;35;2;9;6;1;3;2;4;4;3;1;0;40;0;6;7;5;6;7;5;2;2;0;0
021404;ViladeFrades;33;0;4;3;4;4;3;6;0;4;5;0;17;0;2;1;2;1;2;3;0;3;3;0;16;0;2;2;2;3;1;3;0;1;2;0
185;LezíriadoTejo;7218;181;973;873;720;737;834;813;710;746;557;74;3412;116;518;441;336;318;332;356;329;355;275;36;3806;65;455;432;384;419;502;457;381;391;282;38
1403;Almeirim;716;22;102;78;70;73;83;80;73;72;52;11;336;15;63;37;34;32;20;33;38;31;28;5;380;7;39;41;36;41;63;47;35;41;24;6
1404;Alpiarça;245;5;43;21;24;21;25;26;24;32;21;3;111;3;24;11;12;12;6;12;9;10;10;2;134;2;19;10;12;9;19;14;15;22;11;1
1103;Azambuja;707;25;103;91;72;68;91;73;58;80;43;3;343;15;41;45;34;30;45;36;30;43;23;1;364;10;62;46;38;38;46;37;28;37;20;2
1405;Benavente;1113;27;143;133;109;118;119;105;121;137;91;10;510;14;75;63;52;54;43;41;52;67;45;4;603;13;68;70;57;64;76;64;69;70;46;6
1406;Cartaxo;816;20;98;102;75;89;114;94;81;83;54;6;379;13;51;45;35;30;54;43;38;42;26;2;437;7;47;57;40;59;60;51;43;41;28;4
1407;Chamusca;211;2;32;20;22;27;18;29;14;24;19;4;84;1;17;6;9;9;5;12;4;11;7;3;127;1;15;14;13;18;13;17;10;13;12;1
1409;Coruche;482;16;64;56;50;32;50;55;43;42;64;10;220;11;33;30;24;13;20;23;17;20;24;5;262;5;31;26;26;19;30;32;26;22;40;5
1412;Golegã;106;0;13;10;8;14;14;15;17;10;3;2;51;0;10;4;4;5;6;8;8;2;2;2;55;0;3;6;4;9;8;7;9;8;1;0
1414;RioMaior;491;9;63;70;50;48;56;64;54;47;26;4;216;3;34;36;22;19;17;27;21;22;14;1;275;6;29;34;28;29;39;37;33;25;12;3
1415;SalvaterradeMagos;685;22;90;75;65;67;74;76;65;79;62;10;325;15;52;43;33;29;30;29;26;34;27;7;360;7;38;32;32;38;44;47;39;45;35;3
1416;Santarém;1646;33;222;217;175;180;190;196;160;140;122;11;837;26;118;121;77;85;86;92;86;73;69;4;809;7;104;96;98;95;104;104;74;67;53;7
186;AltoAlentejo;3369;87;457;420;320;358;367;348;350;350;272;40;1536;50;233;211;136;148;141;149;139;167;140;22;1833;37;224;209;184;210;226;199;211;183;132;18
1201;AlterdoChão;81;3;9;14;7;8;10;9;4;9;7;1;42;2;3;7;3;5;5;4;0;8;5;0;39;1;6;7;4;3;5;5;4;1;2;1
1202;Arronches;56;1;4;10;6;4;3;5;8;9;4;2;28;1;2;6;2;2;1;3;3;4;3;1;28;0;2;4;4;2;2;2;5;5;1;1
1203;Avis;131;4;25;11;11;12;15;15;12;16;9;1;63;4;12;6;6;6;4;7;3;10;5;0;68;0;13;5;5;6;11;8;9;6;4;1
1204;CampoMaior;242;7;45;28;30;27;21;21;27;18;16;2;117;4;25;19;15;12;3;10;12;9;6;2;125;3;20;9;15;15;18;11;15;9;10;0
1205;CastelodeVide;67;0;12;6;3;7;13;6;5;9;6;0;38;0;9;4;1;4;6;2;2;7;3;0;29;0;3;2;2;3;7;4;3;2;3;0
1206;Crato;90;1;11;11;7;7;5;12;9;13;11;3;43;1;5;6;5;2;3;4;3;6;7;1;47;0;6;5;2;5;2;8;6;7;4;2
1207;Elvas;980;28;118;113;97;124;99;100;124;92;74;11;429;14;59;54;32;50;46;43;48;39;37;7;551;14;59;59;65;74;53;57;76;53;37;4
1208;Fronteira;73;2;12;3;8;6;8;4;7;7;12;4;31;0;7;2;3;5;1;1;4;5;2;1;42;2;5;1;5;1;7;3;3;2;10;3
1209;Gavião;90;2;13;16;8;10;12;10;7;6;6;0;34;0;6;7;2;2;4;2;3;4;4;0;56;2;7;9;6;8;8;8;4;2;2;0
1210;Marvão;68;1;5;7;4;9;4;14;2;14;6;2;36;1;1;2;1;6;2;8;0;9;4;2;32;0;4;5;3;3;2;6;2;5;2;0
1211;Monforte;90;7;13;10;9;6;5;16;8;9;7;0;44;4;8;4;5;0;3;7;4;6;3;0;46;3;5;6;4;6;2;9;4;3;4;0
1212;Nisa;168;2;28;18;15;17;17;17;22;16;13;3;89;2;17;5;10;7;9;8;14;8;7;2;79;0;11;13;5;10;8;9;8;8;6;1
1213;PontedeSor;510;11;60;76;43;53;65;47;46;64;41;4;220;5;27;37;23;22;15;20;15;27;26;3;290;6;33;39;20;31;50;27;31;37;15;1
1214;Portalegre;580;13;85;82;54;53;74;57;53;55;50;4;261;9;42;44;23;22;31;22;22;21;23;2;319;4;43;38;31;31;43;35;31;34;27;2
1215;Sousel;143;5;17;15;18;15;16;15;16;13;10;3;61;3;10;8;5;3;8;8;6;4;5;1;82;2;7;7;13;12;8;7;10;9;5;2
187;AlentejoCentral;4219;106;611;486;477;409;482;471;437;380;309;51;1999;56;332;237;217;168;205;216;186;196;170;16;2220;50;279;249;260;241;277;255;251;184;139;35
0701;Alandroal;142;3;24;9;10;11;13;14;19;17;16;6;66;1;15;5;5;5;7;8;3;8;8;1;76;2;9;4;5;6;6;6;16;9;8;5
0702;Arraiolos;166;1;27;16;15;15;17;22;18;25;8;2;80;0;16;9;9;7;7;8;5;14;4;1;86;1;11;7;6;8;10;14;13;11;4;1
0703;Borba;153;4;21;25;17;12;14;14;18;19;9;0;71;2;10;13;4;4;6;3;10;14;5;0;82;2;11;12;13;8;8;11;8;5;4;0
0704;Estremoz;300;11;42;41;44;24;26;28;36;30;14;4;131;4;23;13;20;12;12;10;13;12;11;1;169;7;19;28;24;12;14;18;23;18;3;3
0705;Évora;1619;36;234;198;201;158;212;180;155;133;99;13;795;20;132;107;91;66;91;92;76;68;49;3;824;16;102;91;110;92;121;88;79;65;50;10
0706;Montemor-o-Novo;347;7;39;36;36;45;42;41;35;25;36;5;166;3;23;21;16;19;17;19;14;14;19;1;181;4;16;15;20;26;25;22;21;11;17;4
0707;Mora;116;4;18;11;10;8;12;8;8;9;25;3;52;2;11;4;4;2;5;4;3;7;9;1;64;2;7;7;6;6;7;4;5;2;16;2
0708;Mourão;129;5;26;15;14;15;12;13;14;7;6;2;67;4;13;7;7;8;7;7;6;3;4;1;62;1;13;8;7;7;5;6;8;4;2;1
0709;Portel;198;7;29;21;27;13;15;22;25;19;16;4;98;2;16;11;13;5;7;9;11;10;12;2;100;5;13;10;14;8;8;13;14;9;4;2
0710;Redondo;174;5;23;17;11;19;17;26;23;16;15;2;76;2;13;7;5;5;7;12;9;8;7;1;98;3;10;10;6;14;10;14;14;8;8;1
0711;ReguengosdeMonsaraz;315;7;44;39;31;34;32;44;32;30;19;3;134;4;19;12;17;10;10;20;13;14;13;2;181;3;25;27;14;24;22;24;19;16;6;1
0712;VendasNovas;256;11;39;26;29;24;31;33;19;24;17;3;127;8;21;15;12;12;14;11;10;10;13;1;129;3;18;11;17;12;17;22;9;14;4;2
0713;VianadoAlentejo;133;3;22;13;13;15;18;11;15;8;14;1;51;2;7;4;5;6;6;6;7;3;5;0;82;1;15;9;8;9;12;5;8;5;9;1
0714;VilaViçosa;171;2;23;19;19;16;21;15;20;18;15;3;85;2;13;9;9;7;9;7;6;11;11;1;86;0;10;10;10;9;12;8;14;7;4;2
15;Algarve;25167;526;3244;3212;2897;2781;2883;2916;2569;2296;1575;268;11663;313;1758;1653;1329;1168;1221;1248;1059;1001;786;127;13504;213;1486;1559;1568;1613;1662;1668;1510;1295;789;141
150;Algarve;25167;526;3244;3212;2897;2781;2883;2916;2569;2296;1575;268;11663;313;1758;1653;1329;1168;1221;1248;1059;1001;786;127;13504;213;1486;1559;1568;1613;1662;1668;1510;1295;789;141
0801;Albufeira;4274;61;461;547;554;464;547;470;482;395;250;43;1884;34;265;272;237;194;228;197;168;155;116;18;2390;27;196;275;317;270;319;273;314;240;134;25
0802;Alcoutim;25;1;7;2;1;1;1;7;0;2;3;0;14;1;4;1;0;0;1;4;0;1;2;0;11;0;3;1;1;1;0;3;0;1;1;0
0803;Aljezur;205;2;32;22;27;14;26;20;23;19;16;4;105;1;15;9;15;9;13;10;12;9;10;2;100;1;17;13;12;5;13;10;11;10;6;2
0804;CastroMarim;273;5;32;32;23;28;19;32;25;45;25;7;146;5;20;19;9;14;11;12;13;23;16;4;127;0;12;13;14;14;8;20;12;22;9;3
0805;Faro;2896;56;404;410;348;350;317;314;251;249;179;18;1448;37;213;219;168;170;129;152;125;132;94;9;1448;19;191;191;180;180;188;162;126;117;85;9
0806;Lagoa;1442;28;225;178;165;142;138;164;171;122;93;16;667;19;123;97;68;55;61;71;66;56;45;6;775;9;102;81;97;87;77;93;105;66;48;10
0807;Lagos;1753;48;240;205;209;172;205;208;195;160;103;8;801;28;128;103;99;72;95;84;67;69;52;4;952;20;112;102;110;100;110;124;128;91;51;4
0808;Loulé;3866;71;522;493;438;449;471;434;354;349;248;37;1714;37;275;260;186;164;198;163;154;140;122;15;2152;34;247;233;252;285;273;271;200;209;126;22
0809;Monchique;166;6;19;16;13;15;11;26;17;22;16;5;75;3;8;8;7;4;5;10;5;12;10;3;91;3;11;8;6;11;6;16;12;10;6;2
0810;Olhão;1997;60;274;273;231;223;217;227;197;161;109;25;942;35;144;139;103;95;93;111;86;64;62;10;1055;25;130;134;128;128;124;116;111;97;47;15
0811;Portimão;3693;79;443;460;393;404;397;460;400;363;240;54;1731;44;249;235;201;171;180;193;162;155;111;30;1962;35;194;225;192;233;217;267;238;208;129;24
0812;SãoBrásdeAlportel;367;10;63;45;38;42;37;46;40;30;10;6;180;9;36;24;18;21;12;19;16;17;6;2;187;1;27;21;20;21;25;27;24;13;4;4
0813;Silves;1897;33;225;233;216;227;225;244;180;171;122;21;843;21;108;120;102;95;85;95;74;69;61;13;1054;12;117;113;114;132;140;149;106;102;61;8
0814;Tavira;1042;17;126;142;109;122;127;127;105;79;75;13;508;10;71;80;57;43;58;63;46;43;32;5;534;7;55;62;52;79;69;64;59;36;43;8
0815;ViladoBispo;223;6;29;29;30;27;28;17;25;22;9;1;106;4;16;14;15;12;8;7;15;9;6;0;117;2;13;15;15;15;20;10;10;13;3;1
0816;VilaRealdeSantoAntónio;1048;43;142;125;102;101;117;120;104;107;77;10;499;25;83;53;44;49;44;57;50;47;41;6;549;18;59;72;58;52;73;63;54;60;36;4
2;RegiãoAutónomadosAçores;7770;333;1353;1232;996;875;852;775;612;510;211;21;4138;214;718;608;503;437;432;415;345;303;151;12;3632;119;635;624;493;438;420;360;267;207;60;9
20;RegiãoAutónomadosAçores;7770;333;1353;1232;996;875;852;775;612;510;211;21;4138;214;718;608;503;437;432;415;345;303;151;12;3632;119;635;624;493;438;420;360;267;207;60;9
200;RegiãoAutónomadosAçores;7770;333;1353;1232;996;875;852;775;612;510;211;21;4138;214;718;608;503;437;432;415;345;303;151;12;3632;119;635;624;493;438;420;360;267;207;60;9
4301;AngradoHeroísmo;996;38;161;139;118;103;111;103;96;92;29;6;536;26;75;67;65;48;58;63;55;55;21;3;460;12;86;72;53;55;53;40;41;37;8;3
4501;Calheta;43;3;6;7;5;4;6;2;4;4;2;0;25;2;5;6;3;1;3;1;2;1;1;0;18;1;1;1;2;3;3;1;2;3;1;0
4901;Corvo;10;2;3;1;0;1;1;2;0;0;0;0;5;2;2;0;0;0;0;1;0;0;0;0;5;0;1;1;0;1;1;1;0;0;0;0
4701;Horta;274;13;50;45;36;24;24;30;23;19;9;1;162;10;35;28;21;14;14;16;8;10;6;0;112;3;15;17;15;10;10;14;15;9;3;1
4201;Lagoa;500;28;89;83;67;60;62;44;34;27;6;0;267;15;47;43;31;28;37;20;23;18;5;0;233;13;42;40;36;32;25;24;11;9;1;0
4801;LajesdasFlores;20;1;6;1;2;3;2;1;2;1;1;0;12;0;4;1;0;3;2;0;1;1;0;0;8;1;2;0;2;0;0;1;1;0;1;0
4601;LajesdoPico;79;1;10;10;8;13;12;11;10;4;0;0;41;1;3;6;4;7;5;4;8;3;0;0;38;0;7;4;4;6;7;7;2;1;0;0
4602;Madalena;120;4;20;25;12;17;11;11;11;7;2;0;65;3;11;12;6;6;7;8;5;5;2;0;55;1;9;13;6;11;4;3;6;2;0;0
4202;Nordeste;170;6;17;21;19;26;15;22;16;21;7;0;76;4;9;10;7;8;6;9;6;15;2;0;94;2;8;11;12;18;9;13;10;6;5;0
4203;PontaDelgada;2575;106;450;414;355;296;268;272;190;156;61;7;1438;71;246;208;179;165;136;160;121;101;47;4;1137;35;204;206;176;131;132;112;69;55;14;3
4204;Povoação;293;15;41;49;40;23;38;26;24;26;11;0;134;9;21;18;21;12;12;11;13;8;9;0;159;6;20;31;19;11;26;15;11;18;2;0
4205;RibeiraGrande;1303;64;248;224;179;149;145;112;87;64;30;1;669;39;120;99;89;80;76;58;46;38;23;1;634;25;128;125;90;69;69;54;41;26;7;0
4401;SantaCruzdaGraciosa;111;7;13;19;14;7;16;14;7;8;6;0;57;6;8;8;6;5;9;5;1;5;4;0;54;1;5;11;8;2;7;9;6;3;2;0
4802;SantaCruzdasFlores;31;1;5;4;7;6;2;2;2;1;1;0;15;0;2;3;4;1;2;1;0;1;1;0;16;1;3;1;3;5;0;1;2;0;0;0
4603;SãoRoquedoPico;56;4;8;12;8;9;6;5;3;1;0;0;27;3;4;5;3;5;2;3;2;0;0;0;29;1;4;7;5;4;4;2;1;1;0;0
4502;Velas;85;3;12;9;10;10;10;9;10;6;4;2;43;1;8;5;6;1;7;7;5;1;1;1;42;2;4;4;4;9;3;2;5;5;3;1
4302;ViladaPraiadaVitória;549;16;97;87;70;62;50;46;54;39;28;0;284;9;53;49;38;23;26;15;29;21;21;0;265;7;44;38;32;39;24;31;25;18;7;0
4101;ViladoPorto;99;4;19;14;5;12;13;12;9;9;2;0;49;1;13;10;1;5;4;5;4;5;1;0;50;3;6;4;4;7;9;7;5;4;1;0
4206;VilaFrancadoCampo;456;17;98;68;41;50;60;51;30;25;12;4;233;12;52;30;19;25;26;28;16;15;7;3;223;5;46;38;22;25;34;23;14;10;5;1
3;RegiãoAutónomadaMadeira;13810;315;1885;1876;1603;1597;1509;1566;1448;1314;626;71;6925;190;952;914;772;709;706;779;737;748;367;51;6885;125;933;962;831;888;803;787;711;566;259;20
30;RegiãoAutónomadaMadeira;13810;315;1885;1876;1603;1597;1509;1566;1448;1314;626;71;6925;190;952;914;772;709;706;779;737;748;367;51;6885;125;933;962;831;888;803;787;711;566;259;20
300;RegiãoAutónomadaMadeira;13810;315;1885;1876;1603;1597;1509;1566;1448;1314;626;71;6925;190;952;914;772;709;706;779;737;748;367;51;6885;125;933;962;831;888;803;787;711;566;259;20
3101;Calheta;497;12;82;55;62;52;58;61;53;37;19;6;253;8;40;30;28;27;30;30;25;19;10;6;244;4;42;25;34;25;28;31;28;18;9;0
3102;CâmaradeLobos;2004;83;339;309;239;221;205;217;169;153;61;8;977;50;151;130;114;89;98;121;90;94;33;7;1027;33;188;179;125;132;107;96;79;59;28;1
3103;Funchal;5920;108;754;805;646;705;608;678;668;616;305;27;3070;62;400;413;339;328;292;345;341;355;178;17;2850;46;354;392;307;377;316;333;327;261;127;10
3104;Machico;968;18;148;128;117;112;107;90;108;89;43;8;503;12;81;68;51;53;46;49;54;52;29;8;465;6;67;60;66;59;61;41;54;37;14;0
3105;PontadoSol;393;13;64;48;42;41;51;44;31;30;26;3;176;9;29;17;19;17;27;17;13;16;11;1;217;4;35;31;23;24;24;27;18;14;15;2
3106;PortoMoniz;113;1;11;10;18;18;9;15;11;13;7;0;58;0;6;5;9;10;2;9;5;7;5;0;55;1;5;5;9;8;7;6;6;6;2;0
3201;PortoSanto;312;3;30;36;36;36;30;43;37;46;15;0;152;2;17;24;15;10;10;24;21;20;9;0;160;1;13;12;21;26;20;19;16;26;6;0
3107;RibeiraBrava;725;18;100;99;90;76;76;86;74;62;39;5;337;9;50;46;38;23;33;34;37;35;30;2;388;9;50;53;52;53;43;52;37;27;9;3
3108;SantaCruz;2400;46;305;315;271;294;300;298;255;218;87;11;1163;30;150;150;124;132;135;135;122;126;51;8;1237;16;155;165;147;162;165;163;133;92;36;3
3109;Santana;253;9;33;35;40;23;34;12;23;31;11;2;120;5;15;14;19;10;15;6;15;14;6;1;133;4;18;21;21;13;19;6;8;17;5;1
3110;SãoVicente;225;4;19;36;42;19;31;22;19;19;13;1;116;3;13;17;16;10;18;9;14;10;5;1;109;1;6;19;26;9;13;13;5;9;8;0
