Local;HM;HM-0:4;HM-15:24;HM-25:64;HM-65+;H;H-0:14;H-15:24;H-25:64;H-65+;M;M-0:14;M-15:24;M-25:64;M-65+
PT:Portugal;10343066;1331188;1088087;5500152;2423639;4920220;682244;556173;2645015;1036788;5422846;648944;531914;2855137;1386851
1:Continente;9855909;1264697;1031659;5225083;2334470;4687055;648167;527323;2510823;1000742;5168854;616530;504336;2714260;1333728
11:Norte;3586586;440165;385934;1950231;810256;1707820;225587;196780;935790;349663;1878766;214578;189154;1014441;460593
111:Alto Minho;231266;25831;22338;118018;65079;108355;13160;11386;56543;27266;122911;12671;10952;61475;37813
1601:Arcos de Valdevez;20718;1923;1790;9547;7458;9483;942;897;4597;3047;11235;981;893;4950;4411
1602:Caminha;15797;1728;1371;8037;4661;7345;901;691;3779;1974;8452;827;680;4258;2687
1603:Melgaço;7773;578;519;3369;3307;3452;295;250;1573;1334;4321;283;269;1796;1973
1604:Monção;17816;1718;1412;8609;6077;8160;882;680;4125;2473;9656;836;732;4484;3604
1605:Paredes de Coura;8632;949;760;4265;2658;4144;473;408;2149;1114;4488;476;352;2116;1544
1606:Ponte da Barca;11044;1145;1073;5495;3331;5139;555;572;2631;1381;5905;590;501;2864;1950
1607:Ponte de Lima;41164;4892;4551;21652;10069;19393;2473;2330;10421;4169;21771;2419;2221;11231;5900
1608:Valença;13623;1630;1337;7042;3614;6420;846;684;3361;1529;7203;784;653;3681;2085
1609:Viana do Castelo;85778;10217;8669;45400;21492;40499;5247;4401;21611;9240;45279;4970;4268;23789;12252
1610:Vila Nova de Cerveira;8921;1051;856;4602;2412;4320;546;473;2296;1005;4601;505;383;2306;1407
112:Cávado;416605;55423;48122;231846;81214;199484;28575;24620;111034;35255;217121;26848;23502;120812;45959
0301:Amares;18595;2406;2183;10008;3998;9078;1281;1145;4860;1792;9517;1125;1038;5148;2206
0302:Barcelos;116752;14715;14057;64965;23015;56218;7533;7262;31489;9934;60534;7182;6795;33476;13081
0303:Braga;193324;26753;21976;109422;35173;92102;13759;11222;51871;15250;101222;12994;10754;57551;19923
0306:Esposende;35132;4776;3896;19419;7041;16789;2485;1940;9248;3116;18343;2291;1956;10171;3925
0310:Terras de Bouro;6358;645;641;3223;1849;3074;334;336;1585;819;3284;311;305;1638;1030
0313:Vila Verde;46444;6128;5369;24809;10138;22223;3183;2715;11981;4344;24221;2945;2654;12828;5794
119:Ave;418455;51822;46752;233177;86704;201823;26808;23995;113193;37827;216632;25014;22757;119984;48877
0304:Cabeceiras de Basto;15558;1917;1826;8291;3524;7559;992;941;4080;1546;7999;925;885;4211;1978
0307:Fafe;48497;5683;5292;26336;11186;23087;3007;2680;12635;4765;25410;2676;2612;13701;6421
0308:Guimarães;156830;19585;17366;88552;31327;75821;10131;8967;43043;13680;81009;9454;8399;45509;17647
1705:Mondim de Basto;6410;652;703;3262;1793;3099;359;360;1589;791;3311;293;343;1673;1002
0309:Póvoa de Lanhoso;21775;2659;2511;11729;4876;10450;1399;1293;5590;2168;11325;1260;1218;6139;2708
0311:Vieira do Minho;11955;1151;1185;6089;3530;5713;599;618;2925;1571;6242;552;567;3164;1959
0312:Vila Nova de Famalicão;133534;17109;15041;75099;26285;64449;8752;7686;36577;11434;69085;8357;7355;38522;14851
0314:Vizela;23896;3066;2828;13819;4183;11645;1569;1450;6754;1872;12251;1497;1378;7065;2311
11A:Área Metropolitana do Porto;1736228;217937;184644;952895;380752;822268;111399;93911;453843;163115;913960;106538;90733;499052;217637
0104:Arouca;21146;2674;2286;11155;5031;10170;1349;1112;5557;2152;10976;1325;1174;5598;2879
0107:Espinho;31043;3300;3126;15843;8774;14461;1636;1603;7522;3700;16582;1664;1523;8321;5074
1304:Gondomar;164257;20464;17759;90939;35095;77991;10416;9113;43135;15327;86266;10048;8646;47804;19768
1306:Maia;134977;18481;14792;75568;26136;64127;9430;7528;35798;11371;70850;9051;7264;39770;14765
1308:Matosinhos;172557;21634;16954;94467;39502;81225;11044;8619;44579;16983;91332;10590;8335;49888;22519
0113:Oliveira de Azeméis;66175;7679;6910;36317;15269;32020;3973;3433;17838;6776;34155;3706;3477;18479;8493
1310:Paredes;84354;11693;10690;48179;13792;40842;5955;5471;23302;6114;43512;5738;5219;24877;7678
1312:Porto;231800;26434;23236;121920;60210;106153;13466;11761;57423;23503;125647;12968;11475;64497;36707
1313:Póvoa de Varzim;64255;8527;7386;35120;13222;30238;4301;3790;16499;5648;34017;4226;3596;18621;7574
0109:Santa Maria da Feira;136674;17166;14870;76011;28627;65880;8813;7569;36889;12609;70794;8353;7301;39122;16018
1314:Santo Tirso;67709;7345;6995;36701;16668;32241;3730;3555;17658;7298;35468;3615;3440;19043;9370
0116:São João da Madeira;22143;2680;2336;12221;4906;10380;1394;1197;5707;2082;11763;1286;1139;6514;2824
1318:Trofa;38548;4820;4315;21732;7681;18473;2427;2188;10439;3419;20075;2393;2127;11293;4262
0119:Vale de Cambra;21269;2266;1992;11017;5994;10278;1192;1035;5417;2634;10991;1074;957;5600;3360
1315:Valongo;94672;12746;10313;53208;18405;44973;6551;5222;25202;7998;49699;6195;5091;28006;10407
1316:Vila do Conde;80825;11116;8623;44656;16430;38717;5718;4359;21570;7070;42108;5398;4264;23086;9360
1317:Vila Nova de Gaia;303824;38912;32061;167841;65010;144099;20004;16356;79308;28431;159725;18908;15705;88533;36579
11B:Alto Tâmega;84248;7681;7025;40054;29488;40102;3950;3544;19522;13086;44146;3731;3481;20532;16402
1702:Boticas;5000;426;369;2350;1855;2392;222;170;1177;823;2608;204;199;1173;1032
1703:Chaves;37590;3737;3330;18432;12091;17838;1926;1711;8835;5366;19752;1811;1619;9597;6725
1706:Montalegre;9261;685;689;4216;3671;4470;334;353;2143;1640;4791;351;336;2073;2031
1709:Ribeira de Pena;5884;614;502;2924;1844;2900;344;254;1464;838;2984;270;248;1460;1006
1712:Valpaços;14701;1200;1122;6430;5949;6888;626;563;3115;2584;7813;574;559;3315;3365
1713:Vila Pouca de Aguiar;11812;1019;1013;5702;4078;5614;498;493;2788;1835;6198;521;520;2914;2243
11C:Tâmega e Sousa;408637;52119;49696;228898;77924;197044;26738;25396;110842;34068;211593;25381;24300;118056;43856
1301:Amarante;52116;6172;6053;28311;11580;24740;3097;3062;13437;5144;27376;3075;2991;14874;6436
1302:Baião;17534;1949;1999;9558;4028;8341;1031;1005;4601;1704;9193;918;994;4957;2324
0106:Castelo de Paiva;15586;1829;1906;8600;3251;7544;920;962;4261;1401;8042;909;944;4339;1850
0305:Celorico de Basto;17643;2103;1970;9353;4217;8421;1058;1018;4606;1739;9222;1045;952;4747;2478
1804:Cinfães;17730;2015;1911;9304;4500;8613;1079;984;4578;1972;9117;936;927;4726;2528
1303:Felgueiras;55848;7077;6814;31906;10051;26964;3604;3538;15420;4402;28884;3473;3276;16486;5649
1305:Lousada;47364;6601;6081;27397;7285;22890;3400;3101;13169;3220;24474;3201;2980;14228;4065
1307:Marco de Canaveses;49541;6435;6276;27816;9014;23771;3302;3194;13376;3899;25770;3133;3082;14440;5115
1309:Paços de Ferreira;55595;7471;7087;31990;9047;27384;3881;3603;15862;4038;28211;3590;3484;16128;5009
1311:Penafiel;69629;9357;8547;39331;12394;33478;4768;4390;18872;5448;36151;4589;4157;20459;6946
1813:Resende;10051;1110;1052;5332;2557;4898;598;539;2660;1101;5153;512;513;2672;1456
11D:Douro;183875;19252;17815;93973;52835;87368;9802;9107;45674;22785;96507;9450;8708;48299;30050
1701:Alijó;10486;957;915;5160;3454;5116;475;481;2622;1538;5370;482;434;2538;1916
1801:Armamar;5678;547;538;2846;1747;2670;276;277;1393;724;3008;271;261;1453;1023
0403:Carrazeda de Ansiães;5490;490;418;2536;2046;2633;232;212;1302;887;2857;258;206;1234;1159
0404:Freixo de Espada à Cinta;3216;322;247;1447;1200;1532;158;128;733;513;1684;164;119;714;687
1805:Lamego;24312;2544;2531;12891;6346;11493;1292;1279;6238;2684;12819;1252;1252;6653;3662
1704:Mesão Frio;3547;326;354;1844;1023;1655;167;183;886;419;1892;159;171;958;604
1807:Moimenta da Beira;9410;1067;937;4638;2768;4489;556;473;2250;1210;4921;511;464;2388;1558
1707:Murça;5245;447;433;2493;1872;2531;232;245;1233;821;2714;215;188;1260;1051
1812:Penedono;2738;232;268;1294;944;1292;119;141;644;388;1446;113;127;650;556
1708:Peso da Régua;14540;1550;1466;7669;3855;6833;790;736;3689;1618;7707;760;730;3980;2237
1710:Sabrosa;5548;546;499;2693;1810;2661;262;244;1342;813;2887;284;255;1351;997
1711:Santa Marta de Penaguião;6100;544;577;3029;1950;2898;274;316;1466;842;3202;270;261;1563;1108
1815:São João da Pesqueira;6775;712;681;3489;1893;3321;374;360;1752;835;3454;338;321;1737;1058
1818:Sernancelhe;5692;525;536;2808;1823;2750;259;268;1407;816;2942;266;268;1401;1007
1819:Tabuaço;5034;459;466;2515;1594;2375;236;226;1219;694;2659;223;240;1296;900
1820:Tarouca;7363;916;793;3847;1807;3527;461;405;1861;800;3836;455;388;1986;1007
0409:Torre de Moncorvo;6826;541;474;3034;2777;3224;280;242;1509;1193;3602;261;232;1525;1584
0914:Vila Nova de Foz Côa;6304;555;502;2986;2261;2992;262;255;1518;957;3312;293;247;1468;1304
1714:Vila Real;49571;5972;5180;26754;11665;23376;3097;2636;12610;5033;26195;2875;2544;14144;6632
11E:Terras de Trás-os-Montes;107272;10100;9542;51370;36260;51376;5155;4821;25139;16261;55896;4945;4721;26231;19999
0401:Alfândega da Fé;4324;353;326;2007;1638;2089;177;156;993;763;2235;176;170;1014;875
0402:Bragança;34582;3744;3677;17413;9748;16514;1910;1880;8382;4342;18068;1834;1797;9031;5406
0405:Macedo de Cavaleiros;14251;1286;1256;6768;4941;6773;654;613;3316;2190;7478;632;643;3452;2751
0406:Miranda do Douro;6463;561;486;2907;2509;3133;293;257;1454;1129;3330;268;229;1453;1380
0407:Mirandela;21384;2159;1969;10387;6869;10123;1090;966;5005;3062;11261;1069;1003;5382;3807
0408:Mogadouro;8301;667;562;3930;3142;4011;323;284;2004;1400;4290;344;278;1926;1742
0410:Vila Flor;6050;536;524;2846;2144;2920;293;277;1393;957;3130;243;247;1453;1187
0411:Vimioso;4149;296;287;1747;1819;2011;151;142;887;831;2138;145;145;860;988
0412:Vinhais;7768;498;455;3365;3450;3802;264;246;1705;1587;3966;234;209;1660;1863
16:Centro;2227239;263399;220555;1141105;602180;1060611;134949;113216;552380;260066;1166628;128450;107339;588725;342114
16B:Oeste;363511;47629;38197;189355;88330;174960;24295;19806;91951;38908;188551;23334;18391;97404;49422
1001:Alcobaça;54965;6436;5778;28484;14267;26493;3232;3047;13951;6263;28472;3204;2731;14533;8004
1101:Alenquer;44442;6663;4958;23833;8988;21578;3421;2595;11627;3935;22864;3242;2363;12206;5053
1102:Arruda dos Vinhos;13992;2293;1647;7338;2714;6835;1180;892;3592;1171;7157;1113;755;3746;1543
1005:Bombarral;12746;1575;1221;6445;3505;6112;839;597;3121;1555;6634;736;624;3324;1950
1104:Cadaval;13372;1535;1308;6500;4029;6417;782;676;3173;1786;6955;753;632;3327;2243
1006:Caldas da Rainha;50910;6166;5355;26298;13091;23998;3131;2730;12443;5694;26912;3035;2625;13855;7397
1108:Lourinhã;26240;3516;2650;13404;6670;12691;1826;1363;6482;3020;13549;1690;1287;6922;3650
1011:Nazaré;14881;1864;1414;7703;3900;7085;906;739;3737;1703;7796;958;675;3966;2197
1012:Óbidos;11922;1467;1157;6110;3188;5829;739;632;2998;1460;6093;728;525;3112;1728
1014:Peniche;26429;3525;2624;13390;6890;12689;1835;1363;6465;3026;13740;1690;1261;6925;3864
1112:Sobral de Monte Agraço;10540;1593;1163;5615;2169;5075;813;588;2737;937;5465;780;575;2878;1232
1113:Torres Vedras;83072;10996;8922;44235;18919;40158;5591;4584;21625;8358;42914;5405;4338;22610;10561
16D:Região de Aveiro;367403;46387;37825;197106;86085;175800;23846;19217;95109;37628;191603;22541;18608;101997;48457
0101:Águeda;46119;5556;4532;24173;11858;22125;2875;2260;11697;5293;23994;2681;2272;12476;6565
0102:Albergaria-a-Velha;24840;3191;2628;13355;5666;12069;1630;1356;6540;2543;12771;1561;1272;6815;3123
0103:Anadia;27532;2961;2599;13860;8112;13151;1565;1332;6725;3529;14381;1396;1267;7135;4583
0105:Aveiro;80954;10491;8409;45042;17012;38442;5418;4197;21465;7362;42512;5073;4212;23577;9650
0108:Estarreja;26213;3295;2709;13815;6394;12690;1715;1393;6831;2751;13523;1580;1316;6984;3643
0110:Ílhavo;39235;5277;4046;21467;8445;18635;2663;2069;10224;3679;20600;2614;1977;11243;4766
0112:Murtosa;10476;1403;1075;5415;2583;5047;715;555;2666;1111;5429;688;520;2749;1472
0114:Oliveira do Bairro;23132;3221;2411;12052;5448;10973;1648;1213;5765;2347;12159;1573;1198;6287;3101
0115:Ovar;54953;6812;5980;30361;11800;26331;3482;3060;14633;5156;28622;3330;2920;15728;6644
0117:Sever do Vouga;11063;1124;1101;5579;3259;5347;573;599;2747;1428;5716;551;502;2832;1831
0118:Vagos;22886;3056;2335;11987;5508;10990;1562;1183;5816;2429;11896;1494;1152;6171;3079
16E:Região de Coimbra;436862;49646;41489;224623;121104;205988;25527;21108;107865;51488;230874;24119;20381;116758;69616
0601:Arganil;11065;1115;879;5389;3682;5290;558;439;2685;1608;5775;557;440;2704;2074
0602:Cantanhede;34212;3874;3176;16792;10370;16148;2024;1609;8049;4466;18064;1850;1567;8743;5904
0603:Coimbra;140816;16520;13885;74877;35534;65451;8458;6888;35346;14759;75365;8062;6997;39531;20775
0604:Condeixa-a-Nova;16732;2283;1684;8952;3813;7814;1170;880;4202;1562;8918;1113;804;4750;2251
0605:Figueira da Foz;58951;6590;5619;30071;16671;27883;3419;2879;14370;7215;31068;3171;2740;15701;9456
0606:Góis;3811;316;314;1743;1438;1768;143;170;856;599;2043;173;144;887;839
0607:Lousã;17006;2257;1773;9088;3888;8196;1188;930;4364;1714;8810;1069;843;4724;2174
0111:Mealhada;19348;2221;1905;10194;5028;9255;1153;1016;4949;2137;10093;1068;889;5245;2891
0608:Mira;12113;1398;1056;5930;3729;5756;725;575;2870;1586;6357;673;481;3060;2143
0609:Miranda do Corvo;12002;1288;1246;6236;3232;5756;652;648;3068;1388;6246;636;598;3168;1844
0610:Montemor-o-Velho;24571;3007;2199;12967;6398;11797;1565;1134;6333;2765;12774;1442;1065;6634;3633
1808:Mortágua;8963;848;704;4274;3137;4259;416;362;2103;1378;4704;432;342;2171;1759
0611:Oliveira do Hospital;19413;2114;1917;9874;5508;9300;1108;1005;4809;2378;10113;1006;912;5065;3130
0612:Pampilhosa da Serra;4082;270;222;1718;1872;1903;137;112;875;779;2179;133;110;843;1093
0613:Penacova;13113;1218;1204;6482;4209;6167;625;584;3194;1764;6946;593;620;3288;2445
0614:Penela;5440;568;454;2679;1739;2597;277;240;1345;735;2843;291;214;1334;1004
0615:Soure;17261;1761;1495;8227;5778;8167;917;788;4014;2448;9094;844;707;4213;3330
0616:Tábua;11160;1243;1060;5534;3323;5286;629;491;2717;1449;5874;614;569;2817;1874
0617:Vila Nova de Poiares;6803;755;697;3596;1755;3195;363;358;1716;758;3608;392;339;1880;997
16F:Região de Leiria;286752;35729;29684;149253;72086;137668;18376;15266;72474;31552;149084;17353;14418;76779;40534
1002:Alvaiázere;6238;556;518;2852;2312;2908;292;261;1403;952;3330;264;257;1449;1360
1003:Ansião;11642;1174;1111;5584;3773;5523;599;576;2749;1599;6119;575;535;2835;2174
1004:Batalha;15557;2193;1623;8163;3578;7533;1133;815;3940;1645;8024;1060;808;4223;1933
1007:Castanheira de Pêra;2645;200;222;1210;1013;1247;101;123;590;433;1398;99;99;620;580
1008:Figueiró dos Vinhos;5281;488;400;2535;1858;2504;268;215;1239;782;2777;220;185;1296;1076
1009:Leiria;128603;16977;13832;69159;28635;61858;8742;7162;33382;12572;66745;8235;6670;35777;16063
1010:Marinha Grande;39024;5051;4068;20813;9092;18841;2538;2078;10118;4107;20183;2513;1990;10695;4985
1013:Pedrógão Grande;3390;269;297;1620;1204;1611;140;152;809;510;1779;129;145;811;694
1015:Pombal;51170;5945;5087;25311;14827;24371;3080;2550;12304;6437;26799;2865;2537;13007;8390
1016:Porto de Mós;23202;2876;2526;12006;5794;11272;1483;1334;5940;2515;11930;1393;1192;6066;3279
16G:Viseu Dão Lafões;252777;29138;25521;126351;71767;119411;14875;13084;60388;31064;133366;14263;12437;65963;40703
0901:Aguiar da Beira;5231;435;414;2370;2012;2456;216;224;1152;864;2775;219;190;1218;1148
1802:Carregal do Sal;9038;1005;863;4308;2862;4234;505;422;2078;1229;4804;500;441;2230;1633
1803:Castro Daire;13736;1331;1324;6636;4445;6536;673;672;3294;1897;7200;658;652;3342;2548
1806:Mangualde;18303;2026;1845;9033;5399;8736;1010;968;4364;2394;9567;1016;877;4669;3005
1809:Nelas;13119;1522;1286;6290;4021;6198;787;687;3000;1724;6921;735;599;3290;2297
1810:Oliveira de Frades;9506;1161;1027;4952;2366;4561;587;538;2427;1009;4945;574;489;2525;1357
1811:Penalva do Castelo;7333;750;680;3340;2563;3507;412;355;1630;1110;3826;338;325;1710;1453
1814:Santa Comba Dão;10641;1169;981;5032;3459;5023;609;489;2402;1523;5618;560;492;2630;1936
1816:São Pedro do Sul;15137;1489;1514;7167;4967;7146;762;774;3490;2120;7991;727;740;3677;2847
1817:Sátão;11030;1204;1122;5335;3369;5215;623;564;2583;1445;5815;581;558;2752;1924
1821:Tondela;25910;2596;2454;12586;8274;12247;1331;1305;6024;3587;13663;1265;1149;6562;4687
1822:Vila Nova de Paiva;4662;467;441;2224;1530;2235;267;215;1094;659;2427;200;226;1130;871
1823:Viseu;99551;13025;10626;52420;23480;46802;6627;5387;24585;10203;52749;6398;5239;27835;13277
1824:Vouzela;9580;958;944;4658;3020;4515;466;484;2265;1300;5065;492;460;2393;1720
16H:Beira Baixa;80751;8173;6769;38755;27054;38417;4174;3503;19021;11719;42334;3999;3266;19734;15335
0502:Castelo Branco;52272;5959;4850;26589;14874;24703;2997;2508;12701;6497;27569;2962;2342;13888;8377
0505:Idanha-a-Nova;8355;725;598;3455;3577;3998;387;314;1775;1522;4357;338;284;1680;2055
0506:Oleiros;4904;287;292;2087;2238;2333;156;138;1086;953;2571;131;154;1001;1285
0507:Penamacor;4768;321;288;2041;2118;2349;179;162;1089;919;2419;142;126;952;1199
0508:Proença-a-Nova;7167;591;546;3284;2746;3469;302;279;1707;1181;3698;289;267;1577;1565
0511:Vila Velha de Ródão;3285;290;195;1299;1501;1565;153;102;663;647;1720;137;93;636;854
16I:Médio Tejo;228581;26174;22478;113500;66429;108365;13430;11642;55348;27945;120216;12744;10836;58152;38484
1401:Abrantes;34329;3514;3207;16921;10687;16434;1794;1716;8418;4506;17895;1720;1491;8503;6181
1402:Alcanena;12472;1494;1224;6207;3547;5994;762;650;3057;1525;6478;732;574;3150;2022
1408:Constância;3798;470;387;1953;988;1823;240;199;956;428;1975;230;188;997;560
1410:Entroncamento;20141;2956;2175;10794;4216;9489;1493;1089;5123;1784;10652;1463;1086;5671;2432
1411:Ferreira do Zêzere;7800;853;714;3688;2545;3686;429;378;1811;1068;4114;424;336;1877;1477
1413:Mação;6402;491;467;2750;2694;3061;246;252;1418;1145;3341;245;215;1332;1549
1421:Ourém;44538;5379;4738;22475;11946;20898;2759;2372;10902;4865;23640;2620;2366;11573;7081
1417:Sardoal;3513;306;320;1749;1138;1692;154;178;882;478;1821;152;142;867;660
0509:Sertã;14769;1584;1414;7177;4594;7114;819;748;3540;2007;7655;765;666;3637;2587
1418:Tomar;36413;3791;3554;17929;11139;17079;1997;1839;8608;4635;19334;1794;1715;9321;6504
1419:Torres Novas;34111;4135;3334;16984;9658;16248;2151;1731;8244;4122;17863;1984;1603;8740;5536
0510:Vila de Rei;3279;296;278;1365;1340;1538;151;152;685;550;1741;145;126;680;790
1420:Vila Nova da Barquinha;7016;905;666;3508;1937;3309;435;338;1704;832;3707;470;328;1804;1105
16J:Beiras e Serra da Estrela;210602;20523;18592;102162;69325;100002;10426;9590;50224;29762;110600;10097;9002;51938;39563
0902:Almeida;5887;360;412;2517;2598;2748;183;208;1284;1073;3139;177;204;1233;1525
0501:Belmonte;6205;657;509;3042;1997;2962;341;252;1508;861;3243;316;257;1534;1136
0903:Celorico da Beira;6583;619;581;3072;2311;3118;308;305;1498;1007;3465;311;276;1574;1304
0503:Covilhã;46455;4826;4402;23387;13840;22081;2461;2266;11438;5916;24374;2365;2136;11949;7924
0904:Figueira de Castelo Rodrigo;5148;508;392;2292;1956;2454;250;207;1151;846;2694;258;185;1141;1110
0905:Fornos de Algodres;4403;400;365;2040;1598;2039;190;171;1015;663;2364;210;194;1025;935
0504:Fundão;26503;2679;2328;12882;8614;12741;1388;1243;6393;3717;13762;1291;1085;6489;4897
0906:Gouveia;12222;1118;977;5458;4669;5705;556;513;2639;1997;6517;562;464;2819;2672
0907:Guarda;40117;4486;4156;21341;10134;19118;2262;2124;10366;4366;20999;2224;2032;10975;5768
0908:Manteigas;2909;214;240;1355;1100;1355;101;112;668;474;1554;113;128;687;626
0909:Mêda;4630;393;358;2102;1777;2199;195;197;1039;768;2431;198;161;1063;1009
0910:Pinhel;8092;631;669;3668;3124;3879;335;348;1839;1357;4213;296;321;1829;1767
0911:Sabugal;11280;811;730;4666;5073;5327;402;368;2398;2159;5953;409;362;2268;2914
0912:Seia;21755;2077;1796;10382;7500;10296;1060;925;5029;3282;11459;1017;871;5353;4218
0913:Trancoso;8413;744;677;3958;3034;3980;394;351;1959;1276;4433;350;326;1999;1758
17:Área Metropolitana de Lisboa;2870208;411213;310578;1527795;620622;1350446;210923;157773;723624;258126;1519762;200290;152805;804171;362496
170:Área Metropolitana de Lisboa;2870208;411213;310578;1527795;620622;1350446;210923;157773;723624;258126;1519762;200290;152805;804171;362496
1502:Alcochete;19143;3132;2269;10335;3407;9204;1560;1159;4985;1500;9939;1572;1110;5350;1907
1503:Almada;177238;24219;18681;92153;42185;83208;12491;9587;43309;17821;94030;11728;9094;48844;24364
1115:Amadora;171454;24351;18058;90958;38087;79393;12386;9059;42356;15592;92061;11965;8999;48602;22495
1504:Barreiro;78345;10323;8203;39794;20025;36702;5279;4123;18865;8435;41643;5044;4080;20929;11590
1105:Cascais;214124;31037;23515;111111;48461;99766;16007;12107;51639;20013;114358;15030;11408;59472;28448
1106:Lisboa;545796;71220;55069;291739;127768;254179;36718;27794;140464;49203;291617;34502;27275;151275;78565
1107:Loures;201590;29623;21732;105929;44306;95120;15306;11063;49958;18793;106470;14317;10669;55971;25513
1109:Mafra;86515;14177;9794;47169;15375;41916;7228;4997;22927;6764;44599;6949;4797;24242;8611
1506:Moita;66255;9809;7370;34562;14514;31348;5066;3785;16299;6198;34907;4743;3585;18263;8316
1507:Montijo;55682;9013;5810;30414;10445;27053;4706;2992;14966;4389;28629;4307;2818;15448;6056
1116:Odivelas;148034;22336;15301;79485;30912;69724;11322;7775;37579;13048;78310;11014;7526;41906;17864
1110:Oeiras;171658;24317;17864;88229;41248;79581;12577;9167;40971;16866;92077;11740;8697;47258;24382
1508:Palmela;68852;9994;7731;36563;14564;33165;5061;3999;17833;6272;35687;4933;3732;18730;8292
1510:Seixal;166507;24494;18067;88109;35837;78624;12495;9192;41157;15780;87883;11999;8875;46952;20057
1511:Sesimbra;52384;7829;5760;28109;10686;25435;3995;2985;13551;4904;26949;3834;2775;14558;5782
1512:Setúbal;123496;17516;13504;63983;28493;58558;8997;6882;30360;12319;64938;8519;6622;33623;16174
1111:Sintra;385606;56903;46623;213195;68885;181792;28890;23461;100356;29085;203814;28013;23162;112839;39800
1114:Vila Franca de Xira;137529;20920;15227;75958;25424;65678;10839;7646;36049;11144;71851;10081;7581;39909;14280
18:Alentejo;704533;87139;68763;358168;190463;341403;44530;35851;179058;81964;363130;42609;32912;179110;108499
181:Alentejo Litoral;96442;11293;8657;51259;25233;49025;5722;4764;27177;11362;47417;5571;3893;24082;13871
1501:Alcácer do Sal;11112;1234;996;5425;3457;5372;620;543;2709;1500;5740;614;453;2716;1957
1505:Grândola;13822;1683;1282;7040;3817;7003;858;697;3708;1740;6819;825;585;3332;2077
0211:Odemira;29538;2955;2736;17158;6689;16367;1519;1653;10124;3071;13171;1436;1083;7034;3618
1509:Santiago do Cacém;27772;3414;2295;13986;8077;13461;1746;1194;6866;3655;14311;1668;1101;7120;4422
1513:Sines;14198;2007;1348;7650;3193;6822;979;677;3770;1396;7376;1028;671;3880;1797
184:Baixo Alentejo;114863;14543;11131;57495;31694;56344;7512;5783;29455;13594;58519;7031;5348;28040;18100
0201:Aljustrel;8874;1059;774;4500;2541;4378;524;391;2353;1110;4496;535;383;2147;1431
0202:Almodôvar;6712;731;576;3215;2190;3308;372;299;1655;982;3404;359;277;1560;1208
0203:Alvito;2280;293;234;1068;685;1089;151;118;525;295;1191;142;116;543;390
0204:Barrancos;1438;176;146;721;395;703;91;76;371;165;735;85;70;350;230
0205:Beja;33394;4721;3506;17305;7862;16296;2451;1846;8728;3271;17098;2270;1660;8577;4591
0206:Castro Verde;6873;833;665;3521;1854;3324;421;331;1773;799;3549;412;334;1748;1055
0207:Cuba;4373;577;420;2208;1168;2152;305;208;1141;498;2221;272;212;1067;670
0208:Ferreira do Alentejo;7684;905;682;3859;2238;3868;474;363;2074;957;3816;431;319;1785;1281
0209:Mértola;6206;546;438;2938;2284;3078;288;231;1563;996;3128;258;207;1375;1288
0210:Moura;13258;1965;1472;6343;3478;6432;1017;740;3224;1451;6826;948;732;3119;2027
0212:Ourique;4839;486;410;2278;1665;2368;234;215;1164;755;2471;252;195;1114;910
0213:Serpa;13757;1588;1297;6982;3890;6840;838;698;3595;1709;6917;750;599;3387;2181
0214:Vidigueira;5175;663;511;2557;1444;2508;346;267;1289;606;2667;317;244;1268;838
185:Lezíria do Tejo;235861;30445;24312;120349;60755;113005;15462;12629;59006;25908;122856;14983;11683;61343;34847
1403:Almeirim;22012;2930;2253;11154;5675;10452;1484;1166;5378;2424;11560;1446;1087;5776;3251
1404:Alpiarça;6975;855;697;3368;2055;3326;478;375;1618;855;3649;377;322;1750;1200
1103:Azambuja;21421;2801;2234;11339;5047;10701;1424;1112;5969;2196;10720;1377;1122;5370;2851
1405:Benavente;29709;4543;3416;15889;5861;14259;2308;1754;7673;2524;15450;2235;1662;8216;3337
1406:Cartaxo;23186;2917;2369;12042;5858;11123;1474;1248;5844;2557;12063;1443;1121;6198;3301
1407:Chamusca;8530;921;737;4184;2688;4109;473;370;2101;1165;4421;448;367;2083;1523
1409:Coruche;17355;1857;1539;8203;5756;8193;935;782;4007;2469;9162;922;757;4196;3287
1412:Golegã;5400;608;539;2670;1583;2533;296;281;1307;649;2867;312;258;1363;934
1414:Rio Maior;21004;2801;2237;10938;5028;10239;1425;1191;5447;2176;10765;1376;1046;5491;2852
1415:Salvaterra de Magos;21607;2690;2224;10887;5806;10357;1355;1130;5367;2505;11250;1335;1094;5520;3301
1416:Santarém;58662;7522;6067;29675;15398;27713;3810;3220;14295;6388;30949;3712;2847;15380;9010
186:Alto Alentejo;104923;12376;9851;51318;31378;49827;6256;4970;25210;13391;55096;6120;4881;26108;17987
1201:Alter do Chão;3044;336;259;1361;1088;1390;160;120;659;451;1654;176;139;702;637
1202:Arronches;2789;298;237;1375;879;1379;155;133;719;372;1410;143;104;656;507
1203:Avis;3812;428;330;1804;1250;1791;210;148;901;532;2021;218;182;903;718
1204:Campo Maior;8042;1182;897;4036;1927;3876;597;467;1982;830;4166;585;430;2054;1097
1205:Castelo de Vide;3116;295;246;1463;1112;1496;162;134;707;493;1620;133;112;756;619
1206:Crato;3225;288;234;1414;1289;1485;139;127;702;517;1740;149;107;712;772
1207:Elvas;20730;2892;2168;10616;5054;9873;1490;1094;5119;2170;10857;1402;1074;5497;2884
1208:Fronteira;2858;298;245;1358;957;1356;161;130;671;394;1502;137;115;687;563
1209:Gavião;3394;265;234;1467;1428;1581;142;119;734;586;1813;123;115;733;842
1210:Marvão;3021;288;226;1433;1074;1442;130;117;710;485;1579;158;109;723;589
1211:Monforte;2992;414;324;1393;861;1408;211;149;678;370;1584;203;175;715;491
1212:Nisa;5952;455;471;2601;2425;2804;226;230;1334;1014;3148;229;241;1267;1411
1213:Ponte de Sor;15248;1718;1383;7684;4463;7327;870;696;3851;1910;7921;848;687;3833;2553
1214:Portalegre;22340;2733;2205;11274;6128;10592;1359;1101;5452;2680;11748;1374;1104;5822;3448
1215:Sousel;4360;486;392;2039;1443;2027;244;205;991;587;2333;242;187;1048;856
187:Alentejo Central;152444;18482;14812;77747;41403;73202;9578;7705;38210;17709;79242;8904;7107;39537;23694
0701:Alandroal;5014;510;397;2499;1608;2432;243;209;1293;687;2582;267;188;1206;921
0702:Arraiolos;6606;736;607;3360;1903;3231;385;313;1709;824;3375;351;294;1651;1079
0703:Borba;6428;750;552;3260;1866;3149;364;291;1643;851;3279;386;261;1617;1015
0704:Estremoz;12680;1448;1136;6413;3683;6019;732;594;3132;1561;6661;716;542;3281;2122
0705:Évora;53577;7084;5616;28248;12629;25445;3737;2908;13477;5323;28132;3347;2708;14771;7306
0706:Montemor-o-Novo;15799;1818;1411;7791;4779;7593;936;707;3877;2073;8206;882;704;3914;2706
0707:Mora;4135;368;317;1847;1603;1974;190;171;909;704;2161;178;146;938;899
0708:Mourão;2351;321;238;1134;658;1188;167;132;592;297;1163;154;106;542;361
0709:Portel;5747;666;556;2868;1657;2811;349;305;1458;699;2936;317;251;1410;958
0710:Redondo;6286;708;608;3236;1734;3076;359;319;1649;749;3210;349;289;1587;985
0711:Reguengos de Monsaraz;9871;1215;980;5049;2627;4778;633;528;2519;1098;5093;582;452;2530;1529
0712:Vendas Novas;11245;1366;1152;5407;3320;5406;715;605;2659;1427;5839;651;547;2748;1893
0713:Viana do Alentejo;5318;684;536;2708;1390;2536;340;278;1337;581;2782;344;258;1371;809
0714:Vila Viçosa;7387;808;706;3927;1946;3564;428;345;1956;835;3823;380;361;1971;1111
15:Algarve;467343;62781;45829;247784;110949;226775;32178;23703;119971;50923;240568;30603;22126;127813;60026
150:Algarve;467343;62781;45829;247784;110949;226775;32178;23703;119971;50923;240568;30603;22126;127813;60026
0801:Albufeira;44164;6101;4639;25407;8017;21625;3163;2456;12273;3733;22539;2938;2183;13134;4284
0802:Alcoutim;2523;158;168;998;1199;1236;83;89;525;539;1287;75;79;473;660
0803:Aljezur;6045;774;481;3164;1626;3019;401;253;1603;762;3026;373;228;1561;864
0804:Castro Marim;6439;705;545;3096;2093;3163;342;269;1543;1009;3276;363;276;1553;1084
0805:Faro;67622;9193;7024;36569;14836;32139;4668;3580;17465;6426;35483;4525;3444;19104;8410
0806:Lagoa;23725;3220;2477;12475;5553;11606;1671;1263;6070;2602;12119;1549;1214;6405;2951
0807:Lagos;33494;4297;3278;17630;8289;16267;2211;1704;8477;3875;17227;2086;1574;9153;4414
0808:Loulé;72332;9774;7044;38604;16910;34976;4981;3611;18566;7818;37356;4793;3433;20038;9092
0809:Monchique;5462;550;405;2668;1839;2738;287;197;1360;894;2724;263;208;1308;945
0810:Olhão;44614;6382;4554;23447;10231;21820;3362;2340;11461;4657;22794;3020;2214;11986;5574
0811:Portimão;59845;8567;6038;31809;13431;28738;4368;3160;15178;6032;31107;4199;2878;16631;7399
0812:São Brás de Alportel;11248;1503;1030;5789;2926;5426;779;550;2782;1315;5822;724;480;3007;1611
0813:Silves;37766;5107;3430;19793;9436;18587;2610;1791;9783;4403;19179;2497;1639;10010;5033
0814:Tavira;27523;3199;2389;13871;8064;13579;1633;1253;6865;3828;13944;1566;1136;7006;4236
0815:Vila do Bispo;5717;729;452;2958;1578;2792;362;221;1471;738;2925;367;231;1487;840
0816:Vila Real de Santo António;18824;2522;1875;9506;4921;9064;1257;966;4549;2292;9760;1265;909;4957;2629
2:Região Autónoma dos Açores;236413;34553;28239;134512;39109;115480;17743;14451;66656;16630;120933;16810;13788;67856;22479
20:Região Autónoma dos Açores;236413;34553;28239;134512;39109;115480;17743;14451;66656;16630;120933;16810;13788;67856;22479
200:Região Autónoma dos Açores;236413;34553;28239;134512;39109;115480;17743;14451;66656;16630;120933;16810;13788;67856;22479
4301:Angra do Heroísmo;33771;4494;3762;19004;6511;16367;2267;1892;9449;2759;17404;2227;1870;9555;3752
4501:Calheta;3437;427;344;1853;813;1707;230;180;934;363;1730;197;164;919;450
4901:Corvo;384;49;45;231;59;205;26;29;122;28;179;23;16;109;31
4701:Horta;14331;1929;1518;8027;2857;6989;1013;799;3949;1228;7342;916;719;4078;1629
4201:Lagoa;14189;2345;1927;8097;1820;6976;1229;957;4006;784;7213;1116;970;4091;1036
4801:Lajes das Flores;1408;157;153;806;292;730;87;78;432;133;678;70;75;374;159
4601:Lajes do Pico;4340;534;416;2311;1079;2126;287;206;1171;462;2214;247;210;1140;617
4602:Madalena;6319;883;653;3521;1262;3079;449;326;1774;530;3240;434;327;1747;732
4202:Nordeste;4368;576;515;2353;924;2154;300;259;1190;405;2214;276;256;1163;519
4203:Ponta Delgada;67229;9630;8280;39217;10102;32385;4915;4209;19093;4168;34844;4715;4071;20124;5934
4204:Povoação;5791;777;724;3289;1001;2850;401;364;1655;430;2941;376;360;1634;571
4205:Ribeira Grande;31388;5905;4465;17677;3341;15605;2989;2343;8859;1414;15783;2916;2122;8818;1927
4401:Santa Cruz da Graciosa;4090;591;424;2185;890;2020;317;219;1094;390;2070;274;205;1091;500
4802:Santa Cruz das Flores;2020;278;187;1168;387;1010;145;86;612;167;1010;133;101;556;220
4603:São Roque do Pico;3220;425;272;1839;684;1571;211;144;918;298;1649;214;128;921;386
4502:Velas;4936;618;482;2805;1031;2443;345;243;1403;452;2493;273;239;1402;579
4302:Vila da Praia da Vitória;19463;2632;2133;11126;3572;9496;1338;1116;5499;1543;9967;1294;1017;5627;2029
4101:Vila do Porto;5406;772;619;3070;945;2590;385;309;1530;366;2816;387;310;1540;579
4206:Vila Franca do Campo;10323;1531;1320;5933;1539;5177;809;692;2966;710;5146;722;628;2967;829
3:Região Autónoma da Madeira;250744;31938;28189;140557;50060;117685;16334;14399;67536;19416;133059;15604;13790;73021;30644
30:Região Autónoma da Madeira;250744;31938;28189;140557;50060;117685;16334;14399;67536;19416;133059;15604;13790;73021;30644
300:Região Autónoma da Madeira;250744;31938;28189;140557;50060;117685;16334;14399;67536;19416;133059;15604;13790;73021;30644
3101:Calheta;10915;1279;1142;5726;2768;5010;659;610;2740;1001;5905;620;532;2986;1767
3102:Câmara de Lobos;32162;4844;4354;18115;4849;15388;2457;2227;8869;1835;16774;2387;2127;9246;3014
3103:Funchal;105782;12647;11125;59147;22863;49145;6472;5706;27987;8980;56637;6175;5419;31160;13883
3104:Machico;19593;2216;2292;11064;4021;9478;1155;1195;5540;1588;10115;1061;1097;5524;2433
3105:Ponta do Sol;8360;1040;1030;4474;1816;3859;525;519;2122;693;4501;515;511;2352;1123
3106:Porto Moniz;2517;234;259;1278;746;1121;133;116;626;246;1396;101;143;652;500
3201:Porto Santo;5149;582;547;3051;969;2536;290;293;1523;430;2613;292;254;1528;539
3107:Ribeira Brava;12680;1612;1582;6848;2638;5767;821;783;3229;934;6913;791;799;3619;1704
3108:Santa Cruz;42168;6314;4710;24955;6189;20152;3203;2374;12022;2553;22016;3111;2336;12933;3636
3109:Santana;6553;652;657;3374;1870;2973;345;323;1649;656;3580;307;334;1725;1214
3110:São Vicente;4865;518;491;2525;1331;2256;274;253;1229;500;2609;244;238;1296;831
